0.0 0.001 0.00895490294205581 0.009102804365803869 Cone
0.001 0.002 0.009102804365803869 0.009466888994110275 Cone
0.002 0.003 0.009466888994110275 0.009457164764770579 Cone
0.003 0.004 0.009457164764770579 0.009062381871488123 Cone
0.004 0.005 0.009062381871488123 0.008731707219992191 Cone
0.005 0.006 0.008731707219992191 0.00860536575476522 Cone
0.006 0.007 0.00860536575476522 0.008344067942264414 Cone
0.007 0.008 0.008344067942264414 0.0077606383645461765 Cone
0.008 0.009000000000000001 0.0077606383645461765 0.006698444136362313 Cone
0.009000000000000001 0.01 0.006698444136362313 0.006055214310445717 Cone
0.01 0.011 0.006055214310445717 0.0054540213436998445 Cone
0.011 0.012 0.0054540213436998445 0.005143388383007268 Cone
0.012 0.013000000000000001 0.005143388383007268 0.0046294793974363205 Cone
0.013000000000000001 0.014 0.0046294793974363205 0.0047739629464479206 Cone
0.014 0.015 0.0047739629464479206 0.004420446524334846 Cone
0.015 0.016 0.004420446524334846 0.004761696440101052 Cone
0.016 0.017 0.004761696440101052 0.0048959255542045475 Cone
0.017 0.018000000000000002 0.0048959255542045475 0.00455873179332409 Cone
0.018000000000000002 0.019 0.00455873179332409 0.004739202260456157 Cone
0.019 0.02 0.004739202260456157 0.00469443019947371 Cone
0.02 0.021 0.00469443019947371 0.0050053945104517605 Cone
0.021 0.022 0.0050053945104517605 0.004817748240001656 Cone
0.022 0.023 0.004817748240001656 0.004776139609731669 Cone
0.023 0.024 0.004776139609731669 0.0049751101761174275 Cone
0.024 0.025 0.0049751101761174275 0.0046226679743263405 Cone
0.025 0.026000000000000002 0.0046226679743263405 0.00460445239928146 Cone
0.026000000000000002 0.027 0.00460445239928146 0.005018051283682846 Cone
0.027 0.028 0.005018051283682846 0.004814615691333812 Cone
0.028 0.029 0.004814615691333812 0.005055682854688891 Cone
0.029 0.03 0.005055682854688891 0.004946479774756213 Cone
0.03 0.031 0.004946479774756213 0.004813803961857235 Cone
0.031 0.032 0.004813803961857235 0.005021575061693118 Cone
0.032 0.033 0.005021575061693118 0.00514861226743504 Cone
0.033 0.034 0.00514861226743504 0.005040044500089226 Cone
0.034 0.035 0.005040044500089226 0.005206081065287658 Cone
0.035 0.036000000000000004 0.005206081065287658 0.004975033456005143 Cone
0.036000000000000004 0.037 0.004975033456005143 0.004962368706226611 Cone
0.037 0.038 0.004962368706226611 0.00484491902174753 Cone
0.038 0.039 0.00484491902174753 0.005063935237187557 Cone
0.039 0.04 0.005063935237187557 0.004910757644812367 Cone
0.04 0.041 0.004910757644812367 0.0050303745248119315 Cone
0.041 0.042 0.0050303745248119315 0.005006860564146948 Cone
0.042 0.043000000000000003 0.005006860564146948 0.005218052003981335 Cone
0.043000000000000003 0.044 0.005218052003981335 0.005171240399073115 Cone
0.044 0.045 0.005171240399073115 0.005406845816736175 Cone
0.045 0.046 0.005406845816736175 0.005120841881675436 Cone
0.046 0.047 0.005120841881675436 0.005303496135373747 Cone
0.047 0.048 0.005303496135373747 0.005287706231892998 Cone
0.048 0.049 0.005287706231892998 0.005394455856934137 Cone
0.049 0.05 0.005394455856934137 0.005354651670721758 Cone
0.05 0.051000000000000004 0.005354651670721758 0.005108412415582703 Cone
0.051000000000000004 0.052000000000000005 0.005108412415582703 0.005332382147543864 Cone
0.052000000000000005 0.053 0.005332382147543864 0.005239424371685834 Cone
0.053 0.054 0.005239424371685834 0.005316968477141499 Cone
0.054 0.055 0.005316968477141499 0.005549828850095076 Cone
0.055 0.056 0.005549828850095076 0.005520088149368217 Cone
0.056 0.057 0.005520088149368217 0.005530550135879194 Cone
0.057 0.058 0.005530550135879194 0.005479397709116258 Cone
0.058 0.059000000000000004 0.005479397709116258 0.005228706550934117 Cone
0.059000000000000004 0.06 0.005228706550934117 0.005638567398032455 Cone
0.06 0.061 0.005638567398032455 0.005404954982307793 Cone
0.061 0.062 0.005404954982307793 0.0055960734508757656 Cone
0.062 0.063 0.0055960734508757656 0.005634150303046819 Cone
0.063 0.064 0.005634150303046819 0.005610866766313904 Cone
0.064 0.065 0.005610866766313904 0.005508690106835365 Cone
0.065 0.066 0.005508690106835365 0.005727311583469244 Cone
0.066 0.067 0.005727311583469244 0.005823277907451968 Cone
0.067 0.068 0.005823277907451968 0.005371047345991339 Cone
0.068 0.069 0.005371047345991339 0.00570207972671938 Cone
0.069 0.07 0.00570207972671938 0.005730673359026178 Cone
0.07 0.07100000000000001 0.005730673359026178 0.005670653667081425 Cone
0.07100000000000001 0.07200000000000001 0.005670653667081425 0.005773020729506926 Cone
0.07200000000000001 0.073 0.005773020729506926 0.005589532036072404 Cone
0.073 0.074 0.005589532036072404 0.005515525230907263 Cone
0.074 0.075 0.005515525230907263 0.005721273746170449 Cone
0.075 0.076 0.005721273746170449 0.005594920143093701 Cone
0.076 0.077 0.005594920143093701 0.005880559592949652 Cone
0.077 0.078 0.005880559592949652 0.005674376869754788 Cone
0.078 0.079 0.005674376869754788 0.0057227337772490635 Cone
0.079 0.08 0.0057227337772490635 0.006000373431734424 Cone
0.08 0.081 0.006000373431734424 0.005750164545655187 Cone
0.081 0.082 0.005750164545655187 0.006081592686270877 Cone
0.082 0.083 0.006081592686270877 0.005699582116486851 Cone
0.083 0.084 0.005699582116486851 0.006102842542123522 Cone
0.084 0.085 0.006102842542123522 0.006185332352845369 Cone
0.085 0.08600000000000001 0.006185332352845369 0.005985571674720889 Cone
0.08600000000000001 0.08700000000000001 0.005985571674720889 0.006042051523863349 Cone
0.08700000000000001 0.088 0.006042051523863349 0.005888947202294145 Cone
0.088 0.089 0.005888947202294145 0.006062760169124622 Cone
0.089 0.09 0.006062760169124622 0.006035726862117607 Cone
0.09 0.091 0.006035726862117607 0.006055888296847331 Cone
0.091 0.092 0.006055888296847331 0.006313388562886294 Cone
0.092 0.093 0.006313388562886294 0.006355635074790109 Cone
0.093 0.094 0.006355635074790109 0.005964560262519088 Cone
0.094 0.095 0.005964560262519088 0.0059557347184814495 Cone
0.095 0.096 0.0059557347184814495 0.006321802272553766 Cone
0.096 0.097 0.006321802272553766 0.00615699399075183 Cone
0.097 0.098 0.00615699399075183 0.006185251416419425 Cone
0.098 0.099 0.006185251416419425 0.006201474652757999 Cone
0.099 0.1 0.006201474652757999 0.006041629807688013 Cone
0.1 0.101 0.006041629807688013 0.006620517489936067 Cone
0.101 0.10200000000000001 0.006620517489936067 0.006660224898887871 Cone
0.10200000000000001 0.10300000000000001 0.006660224898887871 0.00673476973051557 Cone
0.10300000000000001 0.10400000000000001 0.00673476973051557 0.006579057350984352 Cone
0.10400000000000001 0.105 0.006579057350984352 0.007168195186574923 Cone
0.105 0.106 0.007168195186574923 0.0070824690921173885 Cone
0.106 0.107 0.0070824690921173885 0.007097922294625014 Cone
0.107 0.108 0.007097922294625014 0.007449217211612033 Cone
0.108 0.109 0.007449217211612033 0.007492770977827236 Cone
0.109 0.11 0.007492770977827236 0.007653975655501253 Cone
0.11 0.111 0.007653975655501253 0.007841613029642348 Cone
0.111 0.112 0.007841613029642348 0.007866819080961904 Cone
0.112 0.113 0.007866819080961904 0.007854724102424668 Cone
0.113 0.114 0.007854724102424668 0.007953058130501294 Cone
0.114 0.115 0.007953058130501294 0.008084197780548355 Cone
0.115 0.116 0.008084197780548355 0.008455158906112235 Cone
0.116 0.117 0.008455158906112235 0.008506206363963304 Cone
0.117 0.11800000000000001 0.008506206363963304 0.00844435628593524 Cone
0.11800000000000001 0.11900000000000001 0.00844435628593524 0.008831292031471335 Cone
0.11900000000000001 0.12 0.008831292031471335 0.008699357900038123 Cone
0.12 0.121 0.008699357900038123 0.00879748281413848 Cone
0.121 0.122 0.00879748281413848 0.008981100491636659 Cone
0.122 0.123 0.008981100491636659 0.009043687937461088 Cone
0.123 0.124 0.009043687937461088 0.008925556138066684 Cone
0.124 0.125 0.008925556138066684 0.0094967623656582 Cone
0.125 0.126 0.0094967623656582 0.00957717746010009 Cone
0.126 0.127 0.00957717746010009 0.00963302617859506 Cone
0.127 0.128 0.00963302617859506 0.009577472479285278 Cone
0.128 0.129 0.009577472479285278 0.009741038839122092 Cone
0.129 0.13 0.009741038839122092 0.00956399992312879 Cone
0.13 0.131 0.00956399992312879 0.009671437989234855 Cone
0.131 0.132 0.009671437989234855 0.010035783044676793 Cone
0.132 0.133 0.010035783044676793 0.010059249533429886 Cone
0.133 0.134 0.010059249533429886 0.01032327317889873 Cone
0.134 0.135 0.01032327317889873 0.010225465805944719 Cone
0.135 0.136 0.010225465805944719 0.010250136592310697 Cone
0.136 0.137 0.010250136592310697 0.01050650655680123 Cone
0.137 0.138 0.01050650655680123 0.010341311063666715 Cone
0.138 0.139 0.010341311063666715 0.010588406818351583 Cone
0.139 0.14 0.010588406818351583 0.010527148131873356 Cone
0.14 0.14100000000000001 0.010527148131873356 0.010849483156838402 Cone
0.14100000000000001 0.14200000000000002 0.010849483156838402 0.010837618374820569 Cone
0.14200000000000002 0.14300000000000002 0.010837618374820569 0.011095590071746663 Cone
0.14300000000000002 0.14400000000000002 0.011095590071746663 0.011060768649656222 Cone
0.14400000000000002 0.145 0.011060768649656222 0.011147439426659361 Cone
0.145 0.146 0.011147439426659361 0.010889201148424153 Cone
0.146 0.147 0.010889201148424153 0.011219212268195845 Cone
0.147 0.148 0.011219212268195845 0.011423335322407233 Cone
0.148 0.149 0.011423335322407233 0.011147200312439393 Cone
0.149 0.15 0.011147200312439393 0.011437761606294991 Cone
0.15 0.151 0.011437761606294991 0.011243627543124359 Cone
0.151 0.152 0.011243627543124359 0.01167565161513298 Cone
0.152 0.153 0.01167565161513298 0.011459214435435803 Cone
0.153 0.154 0.011459214435435803 0.011563184360038706 Cone
0.154 0.155 0.011563184360038706 0.011702606418239904 Cone
0.155 0.156 0.011702606418239904 0.011780423242810355 Cone
0.156 0.157 0.011780423242810355 0.011597237022059366 Cone
0.157 0.158 0.011597237022059366 0.011764479361795178 Cone
0.158 0.159 0.011764479361795178 0.012080636855326883 Cone
0.159 0.16 0.012080636855326883 0.012193713145109036 Cone
0.16 0.161 0.012193713145109036 0.01220715352426366 Cone
0.161 0.162 0.01220715352426366 0.012305595441935015 Cone
0.162 0.163 0.012305595441935015 0.012101229299606019 Cone
0.163 0.164 0.012101229299606019 0.012245693293287835 Cone
0.164 0.165 0.012245693293287835 0.012185335870870284 Cone
0.165 0.166 0.012185335870870284 0.012501356616130969 Cone
0.166 0.167 0.012501356616130969 0.01231842634135079 Cone
0.167 0.168 0.01231842634135079 0.012313376464899935 Cone
0.168 0.169 0.012313376464899935 0.012545480884195442 Cone
0.169 0.17 0.012545480884195442 0.012573902660153315 Cone
0.17 0.171 0.012573902660153315 0.012437151635774912 Cone
0.171 0.17200000000000001 0.012437151635774912 0.01228167168060805 Cone
0.17200000000000001 0.17300000000000001 0.01228167168060805 0.01229567434466095 Cone
0.17300000000000001 0.17400000000000002 0.01229567434466095 0.012666120743278988 Cone
0.17400000000000002 0.17500000000000002 0.012666120743278988 0.012579859524040194 Cone
0.17500000000000002 0.176 0.012579859524040194 0.012829677075257433 Cone
0.176 0.177 0.012829677075257433 0.01283808293802477 Cone
0.177 0.178 0.01283808293802477 0.012602389982127038 Cone
0.178 0.179 0.012602389982127038 0.01271064371915146 Cone
0.179 0.18 0.01271064371915146 0.012908632762444243 Cone
0.18 0.181 0.012908632762444243 0.012608251087312004 Cone
0.181 0.182 0.012608251087312004 0.012737178845952058 Cone
0.182 0.183 0.012737178845952058 0.012632898079177265 Cone
0.183 0.184 0.012632898079177265 0.012576531236291339 Cone
0.184 0.185 0.012576531236291339 0.01286764663665107 Cone
0.185 0.186 0.01286764663665107 0.012775060657526793 Cone
0.186 0.187 0.012775060657526793 0.012929445295175647 Cone
0.187 0.188 0.012929445295175647 0.013063389931873769 Cone
0.188 0.189 0.013063389931873769 0.012772440529657036 Cone
0.189 0.19 0.012772440529657036 0.01265985640669847 Cone
0.19 0.191 0.01265985640669847 0.013025137555495437 Cone
0.191 0.192 0.013025137555495437 0.01288838101727873 Cone
0.192 0.193 0.01288838101727873 0.012882260492674985 Cone
0.193 0.194 0.012882260492674985 0.01313763175668828 Cone
0.194 0.195 0.01313763175668828 0.013145044419236961 Cone
0.195 0.196 0.013145044419236961 0.012874911507703705 Cone
0.196 0.197 0.012874911507703705 0.013140544484720221 Cone
0.197 0.198 0.013140544484720221 0.013017223399569918 Cone
0.198 0.199 0.013017223399569918 0.013003377727002226 Cone
0.199 0.2 0.013003377727002226 0.012819051774574463 Cone
0.2 0.201 0.012819051774574463 0.012847557247929374 Cone
0.201 0.202 0.012847557247929374 0.012910551106324076 Cone
0.202 0.203 0.012910551106324076 0.012806224298365093 Cone
0.203 0.20400000000000001 0.012806224298365093 0.013076358240937069 Cone
0.20400000000000001 0.20500000000000002 0.013076358240937069 0.013073766080515973 Cone
0.20500000000000002 0.20600000000000002 0.013073766080515973 0.012757400597729613 Cone
0.20600000000000002 0.20700000000000002 0.012757400597729613 0.01304409683565229 Cone
0.20700000000000002 0.20800000000000002 0.01304409683565229 0.012604504164630466 Cone
0.20800000000000002 0.209 0.012604504164630466 0.012803660644721703 Cone
0.209 0.21 0.012803660644721703 0.013052673134839491 Cone
0.21 0.211 0.013052673134839491 0.012540456268968898 Cone
0.211 0.212 0.012540456268968898 0.012741796451177269 Cone
0.212 0.213 0.012741796451177269 0.012659066362110545 Cone
0.213 0.214 0.012659066362110545 0.012742224827376962 Cone
0.214 0.215 0.012742224827376962 0.012548305700813169 Cone
0.215 0.216 0.012548305700813169 0.012686419890034592 Cone
0.216 0.217 0.012686419890034592 0.012848125046140503 Cone
0.217 0.218 0.012848125046140503 0.012693404950091592 Cone
0.218 0.219 0.012693404950091592 0.012474085891681256 Cone
0.219 0.22 0.012474085891681256 0.012449737616451875 Cone
0.22 0.221 0.012449737616451875 0.012565818143296987 Cone
0.221 0.222 0.012565818143296987 0.012458705797582847 Cone
0.222 0.223 0.012458705797582847 0.012652010438610767 Cone
0.223 0.224 0.012652010438610767 0.012364658592178258 Cone
0.224 0.225 0.012364658592178258 0.012246064377170282 Cone
0.225 0.226 0.012246064377170282 0.012316776103027319 Cone
0.226 0.227 0.012316776103027319 0.012181878349901882 Cone
0.227 0.228 0.012181878349901882 0.012200079330907911 Cone
0.228 0.229 0.012200079330907911 0.01213125803439757 Cone
0.229 0.23 0.01213125803439757 0.012201315960119273 Cone
0.23 0.231 0.012201315960119273 0.012043045888070864 Cone
0.231 0.232 0.012043045888070864 0.0121538882190727 Cone
0.232 0.233 0.0121538882190727 0.011934853236472854 Cone
0.233 0.234 0.011934853236472854 0.012178894578975762 Cone
0.234 0.23500000000000001 0.012178894578975762 0.01208858349019346 Cone
0.23500000000000001 0.23600000000000002 0.01208858349019346 0.011886638804811424 Cone
0.23600000000000002 0.23700000000000002 0.011886638804811424 0.01198830259690534 Cone
0.23700000000000002 0.23800000000000002 0.01198830259690534 0.01186734917787613 Cone
0.23800000000000002 0.23900000000000002 0.01186734917787613 0.011506683142577898 Cone
0.23900000000000002 0.24 0.011506683142577898 0.011752341829346888 Cone
0.24 0.241 0.011752341829346888 0.011509569208340951 Cone
0.241 0.242 0.011509569208340951 0.011545687383005609 Cone
0.242 0.243 0.011545687383005609 0.011349378607246502 Cone
0.243 0.244 0.011349378607246502 0.011269890077884754 Cone
0.244 0.245 0.011269890077884754 0.011462711075698507 Cone
0.245 0.246 0.011462711075698507 0.01095190877111468 Cone
0.246 0.247 0.01095190877111468 0.011206010385185613 Cone
0.247 0.248 0.011206010385185613 0.011277684175523616 Cone
0.248 0.249 0.011277684175523616 0.011050767104274842 Cone
0.249 0.25 0.011050767104274842 0.010770679307097887 Cone
0.25 0.251 0.010770679307097887 0.010584326750988382 Cone
0.251 0.252 0.010584326750988382 0.010574950342821158 Cone
0.252 0.253 0.010574950342821158 0.010847565924711429 Cone
0.253 0.254 0.010847565924711429 0.010635888314657864 Cone
0.254 0.255 0.010635888314657864 0.010280258853558084 Cone
0.255 0.256 0.010280258853558084 0.010518376810862953 Cone
0.256 0.257 0.010518376810862953 0.010087293933412546 Cone
0.257 0.258 0.010087293933412546 0.010381771155064876 Cone
0.258 0.259 0.010381771155064876 0.01008950227941902 Cone
0.259 0.26 0.01008950227941902 0.010258647892438747 Cone
0.26 0.261 0.010258647892438747 0.010127890624224213 Cone
0.261 0.262 0.010127890624224213 0.009935524538666633 Cone
0.262 0.263 0.009935524538666633 0.009874801510004763 Cone
0.263 0.264 0.009874801510004763 0.009669341822976525 Cone
0.264 0.265 0.009669341822976525 0.00962160806480622 Cone
0.265 0.266 0.00962160806480622 0.009435658118958268 Cone
0.266 0.267 0.009435658118958268 0.00951287323174858 Cone
0.267 0.268 0.00951287323174858 0.009422051845628108 Cone
0.268 0.269 0.009422051845628108 0.009392848970104681 Cone
0.269 0.27 0.009392848970104681 0.00894738049655773 Cone
0.27 0.271 0.00894738049655773 0.00917691780625232 Cone
0.271 0.272 0.00917691780625232 0.009034782424010254 Cone
0.272 0.273 0.009034782424010254 0.00891579608860665 Cone
0.273 0.274 0.00891579608860665 0.008512922876770928 Cone
0.274 0.275 0.008512922876770928 0.008579333196471422 Cone
0.275 0.276 0.008579333196471422 0.008551012680023567 Cone
0.276 0.277 0.008551012680023567 0.008261537927806935 Cone
0.277 0.278 0.008261537927806935 0.008088703325046432 Cone
0.278 0.279 0.008088703325046432 0.008048134992784277 Cone
0.279 0.28 0.008048134992784277 0.008176810259976207 Cone
0.28 0.281 0.008176810259976207 0.007710809701019032 Cone
0.281 0.28200000000000003 0.007710809701019032 0.00779883935844174 Cone
0.28200000000000003 0.28300000000000003 0.00779883935844174 0.007553931640537441 Cone
0.28300000000000003 0.28400000000000003 0.007553931640537441 0.0076379709572046706 Cone
0.28400000000000003 0.28500000000000003 0.0076379709572046706 0.007399535134491634 Cone
0.28500000000000003 0.28600000000000003 0.007399535134491634 0.007125453714252974 Cone
0.28600000000000003 0.28700000000000003 0.007125453714252974 0.007261487280708636 Cone
0.28700000000000003 0.28800000000000003 0.007261487280708636 0.006772812944126348 Cone
0.28800000000000003 0.289 0.006772812944126348 0.006563970345113149 Cone
0.289 0.29 0.006563970345113149 0.006666942689913413 Cone
0.29 0.291 0.006666942689913413 0.006286936228840084 Cone
0.291 0.292 0.006286936228840084 0.006345193448963359 Cone
0.292 0.293 0.006345193448963359 0.006345646052513277 Cone
0.293 0.294 0.006345646052513277 0.0058818988054224084 Cone
0.294 0.295 0.0058818988054224084 0.0058928157405095565 Cone
0.295 0.296 0.0058928157405095565 0.00605927084874152 Cone
0.296 0.297 0.00605927084874152 0.005854400012880562 Cone
0.297 0.298 0.005854400012880562 0.005572073503958372 Cone
0.298 0.299 0.005572073503958372 0.005195989428406165 Cone
0.299 0.3 0.005195989428406165 0.005277799360259777 Cone
0.3 0.301 0.005277799360259777 0.005283402606428251 Cone
0.301 0.302 0.005283402606428251 0.0054038132441147765 Cone
0.302 0.303 0.0054038132441147765 0.005554505320812152 Cone
0.303 0.304 0.005554505320812152 0.005461401469891589 Cone
0.304 0.305 0.005461401469891589 0.005491002820163382 Cone
0.305 0.306 0.005491002820163382 0.005464914434627363 Cone
0.306 0.307 0.005464914434627363 0.005272269413716106 Cone
0.307 0.308 0.005272269413716106 0.005478691929377901 Cone
0.308 0.309 0.005478691929377901 0.005549030549779038 Cone
0.309 0.31 0.005549030549779038 0.005434816025228071 Cone
0.31 0.311 0.005434816025228071 0.005388825916008591 Cone
0.311 0.312 0.005388825916008591 0.0055501943779798085 Cone
0.312 0.313 0.0055501943779798085 0.005445608696690243 Cone
0.313 0.314 0.005445608696690243 0.005467966357027446 Cone
0.314 0.315 0.005467966357027446 0.005509208758451075 Cone
0.315 0.316 0.005509208758451075 0.00586918051859898 Cone
0.316 0.317 0.00586918051859898 0.005726624105576171 Cone
0.317 0.318 0.005726624105576171 0.005636778076521332 Cone
0.318 0.319 0.005636778076521332 0.005646820183416038 Cone
0.319 0.32 0.005646820183416038 0.005565628845063863 Cone
0.32 0.321 0.005565628845063863 0.005892301443901003 Cone
0.321 0.322 0.005892301443901003 0.005613097315118896 Cone
0.322 0.323 0.005613097315118896 0.006018340043524534 Cone
0.323 0.324 0.006018340043524534 0.005636262189760131 Cone
0.324 0.325 0.005636262189760131 0.005765635424259156 Cone
0.325 0.326 0.005765635424259156 0.006065899218854435 Cone
0.326 0.327 0.006065899218854435 0.006013437620789843 Cone
0.327 0.328 0.006013437620789843 0.005785740390338192 Cone
0.328 0.329 0.005785740390338192 0.005845569371777512 Cone
0.329 0.33 0.005845569371777512 0.0060462517914492185 Cone
0.33 0.331 0.0060462517914492185 0.005862612161596127 Cone
0.331 0.332 0.005862612161596127 0.006080972914000778 Cone
0.332 0.333 0.006080972914000778 0.0062067682181538636 Cone
0.333 0.334 0.0062067682181538636 0.005988853444055465 Cone
0.334 0.335 0.005988853444055465 0.00617076526715059 Cone
0.335 0.336 0.00617076526715059 0.0060190618798397575 Cone
0.336 0.337 0.0060190618798397575 0.0063528010135092215 Cone
0.337 0.338 0.0063528010135092215 0.006049059922464623 Cone
0.338 0.339 0.006049059922464623 0.006066231385963451 Cone
0.339 0.34 0.006066231385963451 0.006186512723427467 Cone
0.34 0.341 0.006186512723427467 0.00641279777996259 Cone
0.341 0.342 0.00641279777996259 0.006265493070779443 Cone
0.342 0.343 0.006265493070779443 0.0064021527908138705 Cone
0.343 0.34400000000000003 0.0064021527908138705 0.006518840085449067 Cone
0.34400000000000003 0.34500000000000003 0.006518840085449067 0.006432572423465116 Cone
0.34500000000000003 0.34600000000000003 0.006432572423465116 0.0064386250151998335 Cone
0.34600000000000003 0.34700000000000003 0.0064386250151998335 0.006398165413521766 Cone
0.34700000000000003 0.34800000000000003 0.006398165413521766 0.006303479580420064 Cone
0.34800000000000003 0.34900000000000003 0.006303479580420064 0.006721752835942571 Cone
0.34900000000000003 0.35000000000000003 0.006721752835942571 0.006749514417083696 Cone
0.35000000000000003 0.35100000000000003 0.006749514417083696 0.006276666175550197 Cone
0.35100000000000003 0.352 0.006276666175550197 0.00635648397288986 Cone
0.352 0.353 0.00635648397288986 0.0064312022919477164 Cone
0.353 0.354 0.0064312022919477164 0.006592827340131878 Cone
0.354 0.355 0.006592827340131878 0.006719311741871459 Cone
0.355 0.356 0.006719311741871459 0.0068080808606708525 Cone
0.356 0.357 0.0068080808606708525 0.006914196003554992 Cone
0.357 0.358 0.006914196003554992 0.006632220962564512 Cone
0.358 0.359 0.006632220962564512 0.006548521945794792 Cone
0.359 0.36 0.006548521945794792 0.006912883196499818 Cone
0.36 0.361 0.006912883196499818 0.006717155126525021 Cone
0.361 0.362 0.006717155126525021 0.006746286403897276 Cone
0.362 0.363 0.006746286403897276 0.0070351300478622356 Cone
0.363 0.364 0.0070351300478622356 0.006854706354931644 Cone
0.364 0.365 0.006854706354931644 0.0071207794082079985 Cone
0.365 0.366 0.0071207794082079985 0.007087272834257974 Cone
0.366 0.367 0.007087272834257974 0.006800853184515026 Cone
0.367 0.368 0.006800853184515026 0.007077071231044749 Cone
0.368 0.369 0.007077071231044749 0.007051593620024396 Cone
0.369 0.37 0.007051593620024396 0.007007200981664788 Cone
0.37 0.371 0.007007200981664788 0.006946236020184643 Cone
0.371 0.372 0.006946236020184643 0.006927843675420523 Cone
0.372 0.373 0.006927843675420523 0.006929575067921612 Cone
0.373 0.374 0.006929575067921612 0.007107089875049283 Cone
0.374 0.375 0.007107089875049283 0.0070006075510828936 Cone
0.375 0.376 0.0070006075510828936 0.007017922509547443 Cone
0.376 0.377 0.007017922509547443 0.007202219703540943 Cone
0.377 0.378 0.007202219703540943 0.007123407809945581 Cone
0.378 0.379 0.007123407809945581 0.006985932154057349 Cone
0.379 0.38 0.006985932154057349 0.007204967053273636 Cone
0.38 0.381 0.007204967053273636 0.007147514329483204 Cone
0.381 0.382 0.007147514329483204 0.007136286847820653 Cone
0.382 0.383 0.007136286847820653 0.007151154301617191 Cone
0.383 0.384 0.007151154301617191 0.007278161131965566 Cone
0.384 0.385 0.007278161131965566 0.007257895982989713 Cone
0.385 0.386 0.007257895982989713 0.0073770282023771835 Cone
0.386 0.387 0.0073770282023771835 0.007214271824235552 Cone
0.387 0.388 0.007214271824235552 0.007369254591700776 Cone
0.388 0.389 0.007369254591700776 0.007532083408603162 Cone
0.389 0.39 0.007532083408603162 0.007409159319513634 Cone
0.39 0.391 0.007409159319513634 0.0074659715957470195 Cone
0.391 0.392 0.0074659715957470195 0.007465257552501639 Cone
0.392 0.393 0.007465257552501639 0.007456953022382517 Cone
0.393 0.394 0.007456953022382517 0.007447386344960013 Cone
0.394 0.395 0.007447386344960013 0.007799585636718465 Cone
0.395 0.396 0.007799585636718465 0.00783692986631547 Cone
0.396 0.397 0.00783692986631547 0.00752397216905627 Cone
0.397 0.398 0.00752397216905627 0.007559482885446471 Cone
0.398 0.399 0.007559482885446471 0.007677836286323529 Cone
0.399 0.4 0.007677836286323529 0.007768849528213415 Cone
0.4 0.401 0.007768849528213415 0.00781663524794605 Cone
0.401 0.402 0.00781663524794605 0.007766440127252815 Cone
0.402 0.403 0.007766440127252815 0.007614064940590969 Cone
0.403 0.404 0.007614064940590969 0.007703619907946372 Cone
0.404 0.405 0.007703619907946372 0.00809972659929409 Cone
0.405 0.406 0.00809972659929409 0.00808058222326199 Cone
0.406 0.40700000000000003 0.00808058222326199 0.008009364085102668 Cone
0.40700000000000003 0.40800000000000003 0.008009364085102668 0.008127632185811579 Cone
0.40800000000000003 0.40900000000000003 0.008127632185811579 0.00790782531435871 Cone
0.40900000000000003 0.41000000000000003 0.00790782531435871 0.007888722615239995 Cone
0.41000000000000003 0.41100000000000003 0.007888722615239995 0.007805708811556388 Cone
0.41100000000000003 0.41200000000000003 0.007805708811556388 0.008012232224979278 Cone
0.41200000000000003 0.41300000000000003 0.008012232224979278 0.008176311802265157 Cone
0.41300000000000003 0.41400000000000003 0.008176311802265157 0.008115555351656515 Cone
0.41400000000000003 0.41500000000000004 0.008115555351656515 0.008211855733432376 Cone
0.41500000000000004 0.41600000000000004 0.008211855733432376 0.008329166033900173 Cone
0.41600000000000004 0.417 0.008329166033900173 0.008390798838423913 Cone
0.417 0.418 0.008390798838423913 0.008418825171142286 Cone
0.418 0.419 0.008418825171142286 0.008251893559369198 Cone
0.419 0.42 0.008251893559369198 0.008050150153847715 Cone
0.42 0.421 0.008050150153847715 0.008112607875480352 Cone
0.421 0.422 0.008112607875480352 0.008430171627056744 Cone
0.422 0.423 0.008430171627056744 0.008216368673217397 Cone
0.423 0.424 0.008216368673217397 0.008262974231910723 Cone
0.424 0.425 0.008262974231910723 0.008285735518329148 Cone
0.425 0.426 0.008285735518329148 0.008333462761772176 Cone
0.426 0.427 0.008333462761772176 0.00847217375792572 Cone
0.427 0.428 0.00847217375792572 0.008668422202641024 Cone
0.428 0.429 0.008668422202641024 0.00844556651106623 Cone
0.429 0.43 0.00844556651106623 0.008669079403554622 Cone
0.43 0.431 0.008669079403554622 0.008465444151237332 Cone
0.431 0.432 0.008465444151237332 0.008420292063701883 Cone
0.432 0.433 0.008420292063701883 0.008346366583941717 Cone
0.433 0.434 0.008346366583941717 0.008648344629692398 Cone
0.434 0.435 0.008648344629692398 0.00885399837324779 Cone
0.435 0.436 0.00885399837324779 0.008594352033620137 Cone
0.436 0.437 0.008594352033620137 0.008603215884941447 Cone
0.437 0.438 0.008603215884941447 0.008784291074467007 Cone
0.438 0.439 0.008784291074467007 0.008951156471074393 Cone
0.439 0.44 0.008951156471074393 0.008547036956210733 Cone
0.44 0.441 0.008547036956210733 0.00852896459193751 Cone
0.441 0.442 0.00852896459193751 0.008643677344971713 Cone
0.442 0.443 0.008643677344971713 0.008582931239346227 Cone
0.443 0.444 0.008582931239346227 0.008771750026696438 Cone
0.444 0.445 0.008771750026696438 0.008656223085508317 Cone
0.445 0.446 0.008656223085508317 0.008821993268023479 Cone
0.446 0.447 0.008821993268023479 0.008848328536754596 Cone
0.447 0.448 0.008848328536754596 0.008908981368076956 Cone
0.448 0.449 0.008908981368076956 0.00922330510673908 Cone
0.449 0.45 0.00922330510673908 0.009230269070689493 Cone
0.45 0.451 0.009230269070689493 0.008829446730775181 Cone
0.451 0.452 0.008829446730775181 0.009136657444813194 Cone
0.452 0.453 0.009136657444813194 0.008888443076045725 Cone
0.453 0.454 0.008888443076045725 0.008933291149439847 Cone
0.454 0.455 0.008933291149439847 0.009080812892952641 Cone
0.455 0.456 0.009080812892952641 0.009300036765597076 Cone
0.456 0.457 0.009300036765597076 0.009328587319510409 Cone
0.457 0.458 0.009328587319510409 0.00923771398605177 Cone
0.458 0.459 0.00923771398605177 0.009235984206625728 Cone
0.459 0.46 0.009235984206625728 0.009117206620022645 Cone
0.46 0.461 0.009117206620022645 0.00949417699791675 Cone
0.461 0.462 0.00949417699791675 0.009184295410656036 Cone
0.462 0.463 0.009184295410656036 0.00957284601599887 Cone
0.463 0.464 0.00957284601599887 0.009138942580053684 Cone
0.464 0.465 0.009138942580053684 0.009217253776552617 Cone
0.465 0.466 0.009217253776552617 0.009480239223780334 Cone
0.466 0.467 0.009480239223780334 0.009277195534354939 Cone
0.467 0.468 0.009277195534354939 0.009575447251732282 Cone
0.468 0.46900000000000003 0.009575447251732282 0.009544804991516505 Cone
0.46900000000000003 0.47000000000000003 0.009544804991516505 0.009482439713192249 Cone
0.47000000000000003 0.47100000000000003 0.009482439713192249 0.00928920875401621 Cone
0.47100000000000003 0.47200000000000003 0.00928920875401621 0.009693216483078977 Cone
0.47200000000000003 0.47300000000000003 0.009693216483078977 0.0094383184332149 Cone
0.47300000000000003 0.47400000000000003 0.0094383184332149 0.009711993665376693 Cone
0.47400000000000003 0.47500000000000003 0.009711993665376693 0.009536895330165182 Cone
0.47500000000000003 0.47600000000000003 0.009536895330165182 0.00971713287389411 Cone
0.47600000000000003 0.47700000000000004 0.00971713287389411 0.00977272235473267 Cone
0.47700000000000004 0.47800000000000004 0.00977272235473267 0.009659885818804803 Cone
0.47800000000000004 0.47900000000000004 0.009659885818804803 0.009828709125673088 Cone
0.47900000000000004 0.48 0.009828709125673088 0.009734715136378651 Cone
0.48 0.481 0.009734715136378651 0.009808025788731719 Cone
0.481 0.482 0.009808025788731719 0.009848587586183132 Cone
0.482 0.483 0.009848587586183132 0.009630172092156353 Cone
0.483 0.484 0.009630172092156353 0.009885235706594933 Cone
0.484 0.485 0.009885235706594933 0.009655690706904214 Cone
0.485 0.486 0.009655690706904214 0.009917164993156615 Cone
0.486 0.487 0.009917164993156615 0.010009061614536541 Cone
0.487 0.488 0.010009061614536541 0.009915472155635008 Cone
0.488 0.489 0.009915472155635008 0.009931189221664482 Cone
0.489 0.49 0.009931189221664482 0.009800287294000981 Cone
0.49 0.491 0.009800287294000981 0.009864724547174372 Cone
0.491 0.492 0.009864724547174372 0.009890464582200541 Cone
0.492 0.493 0.009890464582200541 0.009949373283612891 Cone
0.493 0.494 0.009949373283612891 0.010105412329843558 Cone
0.494 0.495 0.010105412329843558 0.010097204451625931 Cone
0.495 0.496 0.010097204451625931 0.010096613639112744 Cone
0.496 0.497 0.010096613639112744 0.010372108071829183 Cone
0.497 0.498 0.010372108071829183 0.010329053459330577 Cone
0.498 0.499 0.010329053459330577 0.010181149253605522 Cone
0.499 0.5 0.010181149253605522 0.010460347518268227 Cone
0.5 0.501 0.010460347518268227 0.010113861112117763 Cone
0.501 0.502 0.010113861112117763 0.010424730685099038 Cone
0.502 0.503 0.010424730685099038 0.010362206897217894 Cone
0.503 0.504 0.010362206897217894 0.01041069864778273 Cone
0.504 0.505 0.01041069864778273 0.010468313043650099 Cone
0.505 0.506 0.010468313043650099 0.01039174589237609 Cone
0.506 0.507 0.01039174589237609 0.010405586990468724 Cone
0.507 0.508 0.010405586990468724 0.010256293355558973 Cone
0.508 0.509 0.010256293355558973 0.0100053303700544 Cone
0.509 0.51 0.0100053303700544 0.010343449133035235 Cone
0.51 0.511 0.010343449133035235 0.010205701799862063 Cone
0.511 0.512 0.010205701799862063 0.010386287374487248 Cone
0.512 0.513 0.010386287374487248 0.010043029351321123 Cone
0.513 0.514 0.010043029351321123 0.010495727813400526 Cone
0.514 0.515 0.010495727813400526 0.010357128960774528 Cone
0.515 0.516 0.010357128960774528 0.010437401175475317 Cone
0.516 0.517 0.010437401175475317 0.010428189420309807 Cone
0.517 0.518 0.010428189420309807 0.01015326317587275 Cone
0.518 0.519 0.01015326317587275 0.0100483436846793 Cone
0.519 0.52 0.0100483436846793 0.010379536146774707 Cone
0.52 0.521 0.010379536146774707 0.010271834677499697 Cone
0.521 0.522 0.010271834677499697 0.01035056158319155 Cone
0.522 0.523 0.01035056158319155 0.010018392983340427 Cone
0.523 0.524 0.010018392983340427 0.01034998033721571 Cone
0.524 0.525 0.01034998033721571 0.01047210047854015 Cone
0.525 0.526 0.01047210047854015 0.01007570720882709 Cone
0.526 0.527 0.01007570720882709 0.010248705963992343 Cone
0.527 0.528 0.010248705963992343 0.010421463228654086 Cone
0.528 0.529 0.010421463228654086 0.010003281767613859 Cone
0.529 0.53 0.010003281767613859 0.01025155457935755 Cone
0.53 0.531 0.01025155457935755 0.010223604344053902 Cone
0.531 0.532 0.010223604344053902 0.010433356164902428 Cone
0.532 0.533 0.010433356164902428 0.0104268976750092 Cone
0.533 0.534 0.0104268976750092 0.01017836299958232 Cone
0.534 0.535 0.01017836299958232 0.010067813732198092 Cone
0.535 0.536 0.010067813732198092 0.010253271575697095 Cone
0.536 0.537 0.010253271575697095 0.010496693515698798 Cone
0.537 0.538 0.010496693515698798 0.010098367274269193 Cone
0.538 0.539 0.010098367274269193 0.010133314122667991 Cone
0.539 0.54 0.010133314122667991 0.01015430519028931 Cone
0.54 0.541 0.01015430519028931 0.010234957039253631 Cone
0.541 0.542 0.010234957039253631 0.010175446187538167 Cone
0.542 0.543 0.010175446187538167 0.01018589768920443 Cone
0.543 0.544 0.01018589768920443 0.010438696013493332 Cone
0.544 0.545 0.010438696013493332 0.010136691182177065 Cone
0.545 0.546 0.010136691182177065 0.010289861859623183 Cone
0.546 0.547 0.010289861859623183 0.010093508965164186 Cone
0.547 0.548 0.010093508965164186 0.010019363389889954 Cone
0.548 0.549 0.010019363389889954 0.010250593165031728 Cone
0.549 0.55 0.010250593165031728 0.010157408881282085 Cone
0.55 0.551 0.010157408881282085 0.01019033393843969 Cone
0.551 0.552 0.01019033393843969 0.010137091149251503 Cone
0.552 0.553 0.010137091149251503 0.01026026459127177 Cone
0.553 0.554 0.01026026459127177 0.010098683654649653 Cone
0.554 0.555 0.010098683654649653 0.01036671713436567 Cone
0.555 0.556 0.01036671713436567 0.010482517967866707 Cone
0.556 0.557 0.010482517967866707 0.010268175260506359 Cone
0.557 0.558 0.010268175260506359 0.010376676346577499 Cone
0.558 0.559 0.010376676346577499 0.01035072844495798 Cone
0.559 0.56 0.01035072844495798 0.010473789235368656 Cone
0.56 0.561 0.010473789235368656 0.010212306426537919 Cone
0.561 0.562 0.010212306426537919 0.01029847269805011 Cone
0.562 0.5630000000000001 0.01029847269805011 0.010271544677123153 Cone
0.5630000000000001 0.5640000000000001 0.010271544677123153 0.010443567615809052 Cone
0.5640000000000001 0.5650000000000001 0.010443567615809052 0.010404473353008129 Cone
0.5650000000000001 0.5660000000000001 0.010404473353008129 0.010180853055784717 Cone
0.5660000000000001 0.5670000000000001 0.010180853055784717 0.01010139395331013 Cone
0.5670000000000001 0.5680000000000001 0.01010139395331013 0.010396728154350911 Cone
0.5680000000000001 0.5690000000000001 0.010396728154350911 0.010135512400260397 Cone
0.5690000000000001 0.5700000000000001 0.010135512400260397 0.010132614537502936 Cone
0.5700000000000001 0.5710000000000001 0.010132614537502936 0.01007606627462932 Cone
0.5710000000000001 0.5720000000000001 0.01007606627462932 0.010390373794192909 Cone
0.5720000000000001 0.5730000000000001 0.010390373794192909 0.010391506874030829 Cone
0.5730000000000001 0.5740000000000001 0.010391506874030829 0.0104241856895879 Cone
0.5740000000000001 0.5750000000000001 0.0104241856895879 0.0101682496030999 Cone
0.5750000000000001 0.5760000000000001 0.0101682496030999 0.01019893413051793 Cone
0.5760000000000001 0.577 0.01019893413051793 0.010177361806285323 Cone
0.577 0.578 0.010177361806285323 0.010453401386084736 Cone
0.578 0.579 0.010453401386084736 0.010373721688795946 Cone
0.579 0.58 0.010373721688795946 0.01036415370601227 Cone
0.58 0.581 0.01036415370601227 0.010175272979692148 Cone
0.581 0.582 0.010175272979692148 0.010392826873298422 Cone
0.582 0.583 0.010392826873298422 0.010074913632780281 Cone
0.583 0.584 0.010074913632780281 0.010271151315580011 Cone
0.584 0.585 0.010271151315580011 0.010359359618328644 Cone
0.585 0.586 0.010359359618328644 0.010190341078136414 Cone
0.586 0.587 0.010190341078136414 0.010182682182323988 Cone
0.587 0.588 0.010182682182323988 0.01015022666184463 Cone
0.588 0.589 0.01015022666184463 0.010387395823021646 Cone
0.589 0.59 0.010387395823021646 0.010329733522802245 Cone
0.59 0.591 0.010329733522802245 0.01034557792727721 Cone
0.591 0.592 0.01034557792727721 0.010431336313182694 Cone
0.592 0.593 0.010431336313182694 0.01018794450006855 Cone
0.593 0.594 0.01018794450006855 0.0100373861130918 Cone
0.594 0.595 0.0100373861130918 0.01022688274226913 Cone
0.595 0.596 0.01022688274226913 0.010305481192283918 Cone
0.596 0.597 0.010305481192283918 0.010479215209988992 Cone
0.597 0.598 0.010479215209988992 0.010216483704697143 Cone
0.598 0.599 0.010216483704697143 0.01011359321330509 Cone
0.599 0.6 0.01011359321330509 0.010093572880393493 Cone
0.6 0.601 0.010093572880393493 0.010459703220212474 Cone
0.601 0.602 0.010459703220212474 0.0103000430113831 Cone
0.602 0.603 0.0103000430113831 0.010466810863555309 Cone
0.603 0.604 0.010466810863555309 0.01000339031921361 Cone
0.604 0.605 0.01000339031921361 0.010302578028865556 Cone
0.605 0.606 0.010302578028865556 0.010315711939934028 Cone
0.606 0.607 0.010315711939934028 0.01016917288866135 Cone
0.607 0.608 0.01016917288866135 0.010050248246095857 Cone
0.608 0.609 0.010050248246095857 0.010434798247756734 Cone
0.609 0.61 0.010434798247756734 0.010245087224244151 Cone
0.61 0.611 0.010245087224244151 0.010360685681046486 Cone
0.611 0.612 0.010360685681046486 0.010163235353547503 Cone
0.612 0.613 0.010163235353547503 0.01009662518319956 Cone
0.613 0.614 0.01009662518319956 0.010339356639514078 Cone
0.614 0.615 0.010339356639514078 0.010112275777964832 Cone
0.615 0.616 0.010112275777964832 0.010300792807749511 Cone
0.616 0.617 0.010300792807749511 0.010293285454710376 Cone
0.617 0.618 0.010293285454710376 0.010197240545414925 Cone
0.618 0.619 0.010197240545414925 0.010104217410714085 Cone
0.619 0.62 0.010104217410714085 0.010433149692137446 Cone
0.62 0.621 0.010433149692137446 0.010450542396100085 Cone
0.621 0.622 0.010450542396100085 0.01016067020693371 Cone
0.622 0.623 0.01016067020693371 0.010441985636998299 Cone
0.623 0.624 0.010441985636998299 0.010160350786881786 Cone
0.624 0.625 0.010160350786881786 0.010410912378432564 Cone
0.625 0.626 0.010410912378432564 0.010072035563280063 Cone
0.626 0.627 0.010072035563280063 0.010135165883882814 Cone
0.627 0.628 0.010135165883882814 0.01043029713479666 Cone
0.628 0.629 0.01043029713479666 0.010484317178468079 Cone
0.629 0.63 0.010484317178468079 0.010313106728159402 Cone
0.63 0.631 0.010313106728159402 0.010032968603927344 Cone
0.631 0.632 0.010032968603927344 0.010408846466328432 Cone
0.632 0.633 0.010408846466328432 0.01015307868463882 Cone
0.633 0.634 0.01015307868463882 0.010192116268025088 Cone
0.634 0.635 0.010192116268025088 0.010282481798263963 Cone
0.635 0.636 0.010282481798263963 0.010045731369297461 Cone
0.636 0.637 0.010045731369297461 0.01013345448984026 Cone
0.637 0.638 0.01013345448984026 0.010010780458854947 Cone
0.638 0.639 0.010010780458854947 0.010362484772893758 Cone
0.639 0.64 0.010362484772893758 0.01043283066899134 Cone
0.64 0.641 0.01043283066899134 0.010301889550577776 Cone
0.641 0.642 0.010301889550577776 0.0100865927875332 Cone
0.642 0.643 0.0100865927875332 0.010038307342675424 Cone
0.643 0.644 0.010038307342675424 0.010116769486619917 Cone
0.644 0.645 0.010116769486619917 0.010315475366523991 Cone
0.645 0.646 0.010315475366523991 0.010479605536795188 Cone
0.646 0.647 0.010479605536795188 0.010367271819104098 Cone
0.647 0.648 0.010367271819104098 0.010290572612308145 Cone
0.648 0.649 0.010290572612308145 0.010352565270767587 Cone
0.649 0.65 0.010352565270767587 0.010418137408521677 Cone
0.65 0.651 0.010418137408521677 0.010430259080631622 Cone
0.651 0.652 0.010430259080631622 0.010326286075744307 Cone
0.652 0.653 0.010326286075744307 0.010006039737079246 Cone
0.653 0.654 0.010006039737079246 0.010134964770205708 Cone
0.654 0.655 0.010134964770205708 0.010221171775030586 Cone
0.655 0.656 0.010221171775030586 0.010044469828985596 Cone
0.656 0.657 0.010044469828985596 0.010108286910944534 Cone
0.657 0.658 0.010108286910944534 0.010059188471745818 Cone
0.658 0.659 0.010059188471745818 0.010103692104158537 Cone
0.659 0.66 0.010103692104158537 0.010395714245917837 Cone
0.66 0.661 0.010395714245917837 0.010147523104893849 Cone
0.661 0.662 0.010147523104893849 0.010215262081467585 Cone
0.662 0.663 0.010215262081467585 0.010159609507747556 Cone
0.663 0.664 0.010159609507747556 0.010185991310918473 Cone
0.664 0.665 0.010185991310918473 0.010046845318941894 Cone
0.665 0.666 0.010046845318941894 0.010285074309724425 Cone
0.666 0.667 0.010285074309724425 0.010351362305537478 Cone
0.667 0.668 0.010351362305537478 0.010109039665507826 Cone
0.668 0.669 0.010109039665507826 0.010363385139959057 Cone
0.669 0.67 0.010363385139959057 0.010388869730231204 Cone
0.67 0.671 0.010388869730231204 0.010364280259874967 Cone
0.671 0.672 0.010364280259874967 0.010252450173583404 Cone
0.672 0.673 0.010252450173583404 0.010143789118725927 Cone
0.673 0.674 0.010143789118725927 0.010020048407107676 Cone
0.674 0.675 0.010020048407107676 0.010308757753634974 Cone
0.675 0.676 0.010308757753634974 0.010006989331530929 Cone
0.676 0.677 0.010006989331530929 0.010487862973814193 Cone
0.677 0.678 0.010487862973814193 0.010364184947015428 Cone
0.678 0.679 0.010364184947015428 0.010300736028809904 Cone
0.679 0.68 0.010300736028809904 0.01045876462970561 Cone
0.68 0.681 0.01045876462970561 0.010411958989435217 Cone
0.681 0.682 0.010411958989435217 0.010359895625017589 Cone
0.682 0.683 0.010359895625017589 0.01046440679136249 Cone
0.683 0.684 0.01046440679136249 0.010202335691552633 Cone
0.684 0.685 0.010202335691552633 0.010471827813188575 Cone
0.685 0.686 0.010471827813188575 0.010139483573125036 Cone
0.686 0.687 0.010139483573125036 0.010250497763116498 Cone
0.687 0.6880000000000001 0.010250497763116498 0.010133076656182242 Cone
0.6880000000000001 0.6890000000000001 0.010133076656182242 0.010329228436245284 Cone
0.6890000000000001 0.6900000000000001 0.010329228436245284 0.010108500036712818 Cone
0.6900000000000001 0.6910000000000001 0.010108500036712818 0.01020319861008853 Cone
0.6910000000000001 0.6920000000000001 0.01020319861008853 0.01018702980576301 Cone
0.6920000000000001 0.6930000000000001 0.01018702980576301 0.010388111804093447 Cone
0.6930000000000001 0.6940000000000001 0.010388111804093447 0.010010438926852999 Cone
0.6940000000000001 0.6950000000000001 0.010010438926852999 0.010275849476148548 Cone
0.6950000000000001 0.6960000000000001 0.010275849476148548 0.010213867580982553 Cone
0.6960000000000001 0.6970000000000001 0.010213867580982553 0.010085580938954692 Cone
0.6970000000000001 0.6980000000000001 0.010085580938954692 0.010466133465172828 Cone
0.6980000000000001 0.6990000000000001 0.010466133465172828 0.010478233617848106 Cone
0.6990000000000001 0.7000000000000001 0.010478233617848106 0.01015320967733797 Cone
0.7000000000000001 0.7010000000000001 0.01015320967733797 0.010410865994239193 Cone
0.7010000000000001 0.7020000000000001 0.010410865994239193 0.010414421803353745 Cone
0.7020000000000001 0.7030000000000001 0.010414421803353745 0.010439646569040534 Cone
0.7030000000000001 0.704 0.010439646569040534 0.01012697979787668 Cone
0.704 0.705 0.01012697979787668 0.010191089155898803 Cone
0.705 0.706 0.010191089155898803 0.010182880271989781 Cone
0.706 0.707 0.010182880271989781 0.010060815654531482 Cone
0.707 0.708 0.010060815654531482 0.010407199912776218 Cone
0.708 0.709 0.010407199912776218 0.010355927475931424 Cone
0.709 0.71 0.010355927475931424 0.01003735979120416 Cone
0.71 0.711 0.01003735979120416 0.010479560368736538 Cone
0.711 0.712 0.010479560368736538 0.010221502748050419 Cone
0.712 0.713 0.010221502748050419 0.010100198137625813 Cone
0.713 0.714 0.010100198137625813 0.010021211191413497 Cone
0.714 0.715 0.010021211191413497 0.010247124799453741 Cone
0.715 0.716 0.010247124799453741 0.010059585820893625 Cone
0.716 0.717 0.010059585820893625 0.010216917798903751 Cone
0.717 0.718 0.010216917798903751 0.01024503838617032 Cone
0.718 0.719 0.01024503838617032 0.010335191333093074 Cone
0.719 0.72 0.010335191333093074 0.010228810712548027 Cone
0.72 0.721 0.010228810712548027 0.01020488604668732 Cone
0.721 0.722 0.01020488604668732 0.010311877517757475 Cone
0.722 0.723 0.010311877517757475 0.010066720037312803 Cone
0.723 0.724 0.010066720037312803 0.010309431850252116 Cone
0.724 0.725 0.010309431850252116 0.010351931866321438 Cone
0.725 0.726 0.010351931866321438 0.010119048619008513 Cone
0.726 0.727 0.010119048619008513 0.010038153504166121 Cone
0.727 0.728 0.010038153504166121 0.010105548033537597 Cone
0.728 0.729 0.010105548033537597 0.010230567746584558 Cone
0.729 0.73 0.010230567746584558 0.010419208888895673 Cone
0.73 0.731 0.010419208888895673 0.010465783094777444 Cone
0.731 0.732 0.010465783094777444 0.010496107202396488 Cone
0.732 0.733 0.010496107202396488 0.01019325594944659 Cone
0.733 0.734 0.01019325594944659 0.010035055510665844 Cone
0.734 0.735 0.010035055510665844 0.010085951156468945 Cone
0.735 0.736 0.010085951156468945 0.010311621824460568 Cone
0.736 0.737 0.010311621824460568 0.010188351382278008 Cone
0.737 0.738 0.010188351382278008 0.010466747788836224 Cone
0.738 0.739 0.010466747788836224 0.010025560358795359 Cone
0.739 0.74 0.010025560358795359 0.01003724787224093 Cone
0.74 0.741 0.01003724787224093 0.010153767104741697 Cone
0.741 0.742 0.010153767104741697 0.010119614509827377 Cone
0.742 0.743 0.010119614509827377 0.010126411194212438 Cone
0.743 0.744 0.010126411194212438 0.010020559999651507 Cone
0.744 0.745 0.010020559999651507 0.0102433354561644 Cone
0.745 0.746 0.0102433354561644 0.010366334088873738 Cone
0.746 0.747 0.010366334088873738 0.010000193042818193 Cone
0.747 0.748 0.010000193042818193 0.010224469561179774 Cone
0.748 0.749 0.010224469561179774 0.010452269114492102 Cone
0.749 0.75 0.010452269114492102 0.0100045409298806 Cone
0.75 0.751 0.0100045409298806 0.010000459594478471 Cone
0.751 0.752 0.010000459594478471 0.010103355964037986 Cone
0.752 0.753 0.010103355964037986 0.010497039598362649 Cone
0.753 0.754 0.010497039598362649 0.010392020468624653 Cone
0.754 0.755 0.010392020468624653 0.010432916536047498 Cone
0.755 0.756 0.010432916536047498 0.010365127773984323 Cone
0.756 0.757 0.010365127773984323 0.010325945772625966 Cone
0.757 0.758 0.010325945772625966 0.010204486154570782 Cone
0.758 0.759 0.010204486154570782 0.010490730217129091 Cone
0.759 0.76 0.010490730217129091 0.010020117205478903 Cone
0.76 0.761 0.010020117205478903 0.010069953797183711 Cone
0.761 0.762 0.010069953797183711 0.010331867564692518 Cone
0.762 0.763 0.010331867564692518 0.010400758446207886 Cone
0.763 0.764 0.010400758446207886 0.010363256967969341 Cone
0.764 0.765 0.010363256967969341 0.010031728863554343 Cone
0.765 0.766 0.010031728863554343 0.01006034746799584 Cone
0.766 0.767 0.01006034746799584 0.010371573498190593 Cone
0.767 0.768 0.010371573498190593 0.010388994344945288 Cone
0.768 0.769 0.010388994344945288 0.010090039216822416 Cone
0.769 0.77 0.010090039216822416 0.010165027536403273 Cone
0.77 0.771 0.010165027536403273 0.010082131196455317 Cone
0.771 0.772 0.010082131196455317 0.010472728748195399 Cone
0.772 0.773 0.010472728748195399 0.010018013262395773 Cone
0.773 0.774 0.010018013262395773 0.010181756195254677 Cone
0.774 0.775 0.010181756195254677 0.01002883524625127 Cone
0.775 0.776 0.01002883524625127 0.010334371416748148 Cone
0.776 0.777 0.010334371416748148 0.010129029560828067 Cone
0.777 0.778 0.010129029560828067 0.010348650278432368 Cone
0.778 0.779 0.010348650278432368 0.010217529897313725 Cone
0.779 0.78 0.010217529897313725 0.010331051352294618 Cone
0.78 0.781 0.010331051352294618 0.010106777322610795 Cone
0.781 0.782 0.010106777322610795 0.01026414548209431 Cone
0.782 0.783 0.01026414548209431 0.010046565083925056 Cone
0.783 0.784 0.010046565083925056 0.010473782114956576 Cone
0.784 0.785 0.010473782114956576 0.010317694627761116 Cone
0.785 0.786 0.010317694627761116 0.010414355891647686 Cone
0.786 0.787 0.010414355891647686 0.010448077262169432 Cone
0.787 0.788 0.010448077262169432 0.010448899661814207 Cone
0.788 0.789 0.010448899661814207 0.010142425545040776 Cone
0.789 0.79 0.010142425545040776 0.010402941651794942 Cone
0.79 0.791 0.010402941651794942 0.010161929388171726 Cone
0.791 0.792 0.010161929388171726 0.010374233777955506 Cone
0.792 0.793 0.010374233777955506 0.010187771696548909 Cone
0.793 0.794 0.010187771696548909 0.010108325931146446 Cone
0.794 0.795 0.010108325931146446 0.010038402789496215 Cone
0.795 0.796 0.010038402789496215 0.010351628236470444 Cone
0.796 0.797 0.010351628236470444 0.010145627612679562 Cone
0.797 0.798 0.010145627612679562 0.010487210035380376 Cone
0.798 0.799 0.010487210035380376 0.01027778359866007 Cone
0.799 0.8 0.01027778359866007 0.010016753909919938 Cone
0.8 0.801 0.010016753909919938 0.010019134878567156 Cone
0.801 0.802 0.010019134878567156 0.01047231938278106 Cone
0.802 0.803 0.01047231938278106 0.01016885810027667 Cone
0.803 0.804 0.01016885810027667 0.010182054112612651 Cone
0.804 0.805 0.010182054112612651 0.010104278813099976 Cone
0.805 0.806 0.010104278813099976 0.010156405057629955 Cone
0.806 0.807 0.010156405057629955 0.010243561054365927 Cone
0.807 0.808 0.010243561054365927 0.010200210953953993 Cone
0.808 0.809 0.010200210953953993 0.010105676831903571 Cone
0.809 0.81 0.010105676831903571 0.010043679237607135 Cone
0.81 0.811 0.010043679237607135 0.010152280452038379 Cone
0.811 0.812 0.010152280452038379 0.010163449411086852 Cone
0.812 0.8130000000000001 0.010163449411086852 0.0104307588470073 Cone
0.8130000000000001 0.8140000000000001 0.0104307588470073 0.010487995715889932 Cone
0.8140000000000001 0.8150000000000001 0.010487995715889932 0.010495565486014767 Cone
0.8150000000000001 0.8160000000000001 0.010495565486014767 0.010006140924173484 Cone
0.8160000000000001 0.8170000000000001 0.010006140924173484 0.010424902469615133 Cone
0.8170000000000001 0.8180000000000001 0.010424902469615133 0.010074202274226868 Cone
0.8180000000000001 0.8190000000000001 0.010074202274226868 0.010468234725879445 Cone
0.8190000000000001 0.8200000000000001 0.010468234725879445 0.010193144496381663 Cone
0.8200000000000001 0.8210000000000001 0.010193144496381663 0.01007938752398688 Cone
0.8210000000000001 0.8220000000000001 0.01007938752398688 0.010049804695760294 Cone
0.8220000000000001 0.8230000000000001 0.010049804695760294 0.01007055541797016 Cone
0.8230000000000001 0.8240000000000001 0.01007055541797016 0.010180212255681099 Cone
0.8240000000000001 0.8250000000000001 0.010180212255681099 0.010476069528236065 Cone
0.8250000000000001 0.8260000000000001 0.010476069528236065 0.010035815359350815 Cone
0.8260000000000001 0.8270000000000001 0.010035815359350815 0.010381997577845116 Cone
0.8270000000000001 0.8280000000000001 0.010381997577845116 0.010165104983101407 Cone
0.8280000000000001 0.8290000000000001 0.010165104983101407 0.01047814585823368 Cone
0.8290000000000001 0.8300000000000001 0.01047814585823368 0.010189683442607627 Cone
0.8300000000000001 0.8310000000000001 0.010189683442607627 0.010499046860029445 Cone
0.8310000000000001 0.8320000000000001 0.010499046860029445 0.0100245840246576 Cone
0.8320000000000001 0.833 0.0100245840246576 0.01028953736049823 Cone
0.833 0.834 0.01028953736049823 0.010286824260349664 Cone
0.834 0.835 0.010286824260349664 0.0103098618173748 Cone
0.835 0.836 0.0103098618173748 0.010093657276635781 Cone
0.836 0.837 0.010093657276635781 0.010449956486441285 Cone
0.837 0.838 0.010449956486441285 0.010059770811613218 Cone
0.838 0.839 0.010059770811613218 0.010420292195564581 Cone
0.839 0.84 0.010420292195564581 0.01037467819295809 Cone
0.84 0.841 0.01037467819295809 0.01021424498175923 Cone
0.841 0.842 0.01021424498175923 0.010032313829286705 Cone
0.842 0.843 0.010032313829286705 0.010461437635647643 Cone
0.843 0.844 0.010461437635647643 0.010409494823122064 Cone
0.844 0.845 0.010409494823122064 0.010241177487620831 Cone
0.845 0.846 0.010241177487620831 0.010181879614205056 Cone
0.846 0.847 0.010181879614205056 0.010128687411574739 Cone
0.847 0.848 0.010128687411574739 0.010338795325262242 Cone
0.848 0.849 0.010338795325262242 0.010475220860739211 Cone
0.849 0.85 0.010475220860739211 0.010092732255209435 Cone
0.85 0.851 0.010092732255209435 0.01016748055382533 Cone
0.851 0.852 0.01016748055382533 0.010299857777690335 Cone
0.852 0.853 0.010299857777690335 0.010328025178080014 Cone
0.853 0.854 0.010328025178080014 0.01028740825662921 Cone
0.854 0.855 0.01028740825662921 0.010424485537659949 Cone
0.855 0.856 0.010424485537659949 0.010174033839763313 Cone
0.856 0.857 0.010174033839763313 0.010049360843125377 Cone
0.857 0.858 0.010049360843125377 0.010059645801382936 Cone
0.858 0.859 0.010059645801382936 0.010166683977622343 Cone
0.859 0.86 0.010166683977622343 0.010082441866406392 Cone
0.86 0.861 0.010082441866406392 0.010004306997034187 Cone
0.861 0.862 0.010004306997034187 0.010029382131814216 Cone
0.862 0.863 0.010029382131814216 0.01046204254797928 Cone
0.863 0.864 0.01046204254797928 0.010298012289217966 Cone
0.864 0.865 0.010298012289217966 0.010370183911393105 Cone
0.865 0.866 0.010370183911393105 0.010293096351761037 Cone
0.866 0.867 0.010293096351761037 0.010200149035276862 Cone
0.867 0.868 0.010200149035276862 0.01015310977476747 Cone
0.868 0.869 0.01015310977476747 0.010278267300983815 Cone
0.869 0.87 0.010278267300983815 0.010327649902192985 Cone
0.87 0.871 0.010327649902192985 0.010128219607690154 Cone
0.871 0.872 0.010128219607690154 0.010347408075808206 Cone
0.872 0.873 0.010347408075808206 0.010341478042331674 Cone
0.873 0.874 0.010341478042331674 0.010412244610525156 Cone
0.874 0.875 0.010412244610525156 0.01008180307669422 Cone
0.875 0.876 0.01008180307669422 0.010169836864322658 Cone
0.876 0.877 0.010169836864322658 0.010087672381951318 Cone
0.877 0.878 0.010087672381951318 0.010416424182962196 Cone
0.878 0.879 0.010416424182962196 0.010157123218077553 Cone
0.879 0.88 0.010157123218077553 0.010146781441883551 Cone
0.88 0.881 0.010146781441883551 0.010364571011646265 Cone
0.881 0.882 0.010364571011646265 0.010314730761459603 Cone
0.882 0.883 0.010314730761459603 0.010037974336064927 Cone
0.883 0.884 0.010037974336064927 0.010024907278673889 Cone
0.884 0.885 0.010024907278673889 0.010282234131516781 Cone
0.885 0.886 0.010282234131516781 0.010363655314697802 Cone
0.886 0.887 0.010363655314697802 0.010238373065907823 Cone
0.887 0.888 0.010238373065907823 0.010442540451966641 Cone
0.888 0.889 0.010442540451966641 0.010177740786749028 Cone
0.889 0.89 0.010177740786749028 0.010139358704086405 Cone
0.89 0.891 0.010139358704086405 0.010488404047005224 Cone
0.891 0.892 0.010488404047005224 0.010482727711040295 Cone
0.892 0.893 0.010482727711040295 0.01047932455548937 Cone
0.893 0.894 0.01047932455548937 0.010218517833238574 Cone
0.894 0.895 0.010218517833238574 0.010350708619010112 Cone
0.895 0.896 0.010350708619010112 0.010452631571206857 Cone
0.896 0.897 0.010452631571206857 0.010065292104497739 Cone
0.897 0.898 0.010065292104497739 0.010031398861554911 Cone
0.898 0.899 0.010031398861554911 0.010214755635907036 Cone
0.899 0.9 0.010214755635907036 0.010086045291313198 Cone
0.9 0.901 0.010086045291313198 0.010049858121652563 Cone
0.901 0.902 0.010049858121652563 0.010195550019168385 Cone
0.902 0.903 0.010195550019168385 0.010286179694365962 Cone
0.903 0.904 0.010286179694365962 0.01033624845343498 Cone
0.904 0.905 0.01033624845343498 0.010248395321950567 Cone
0.905 0.906 0.010248395321950567 0.010364304382105373 Cone
0.906 0.907 0.010364304382105373 0.010342053959105799 Cone
0.907 0.908 0.010342053959105799 0.010085465301132336 Cone
0.908 0.909 0.010085465301132336 0.01007690402378052 Cone
0.909 0.91 0.01007690402378052 0.010126774559364352 Cone
0.91 0.911 0.010126774559364352 0.010340246232399668 Cone
0.911 0.912 0.010340246232399668 0.010177081584070517 Cone
0.912 0.913 0.010177081584070517 0.010443043086094258 Cone
0.913 0.914 0.010443043086094258 0.010212145007976682 Cone
0.914 0.915 0.010212145007976682 0.010290272697251284 Cone
0.915 0.916 0.010290272697251284 0.010256026821519978 Cone
0.916 0.917 0.010256026821519978 0.010492649979688995 Cone
0.917 0.918 0.010492649979688995 0.010359737848888042 Cone
0.918 0.919 0.010359737848888042 0.010356246725871187 Cone
0.919 0.92 0.010356246725871187 0.010367270344645399 Cone
0.92 0.921 0.010367270344645399 0.010052034977962745 Cone
0.921 0.922 0.010052034977962745 0.010317193512520362 Cone
0.922 0.923 0.010317193512520362 0.010235129751930246 Cone
0.923 0.924 0.010235129751930246 0.010383859219071461 Cone
0.924 0.925 0.010383859219071461 0.010212888436985132 Cone
0.925 0.926 0.010212888436985132 0.010344306106953513 Cone
0.926 0.927 0.010344306106953513 0.010002435765476214 Cone
0.927 0.928 0.010002435765476214 0.010303115796614718 Cone
0.928 0.929 0.010303115796614718 0.010161595797271317 Cone
0.929 0.93 0.010161595797271317 0.01033836818058641 Cone
0.93 0.931 0.01033836818058641 0.010330800882304403 Cone
0.931 0.932 0.010330800882304403 0.010402754080559436 Cone
0.932 0.933 0.010402754080559436 0.010219712624600788 Cone
0.933 0.934 0.010219712624600788 0.010106518865822875 Cone
0.934 0.935 0.010106518865822875 0.010331350553002657 Cone
0.935 0.936 0.010331350553002657 0.01046716674205601 Cone
0.936 0.937 0.01046716674205601 0.010490314263364527 Cone
0.937 0.9380000000000001 0.010490314263364527 0.010094980659636125 Cone
0.9380000000000001 0.9390000000000001 0.010094980659636125 0.010421554151540337 Cone
0.9390000000000001 0.9400000000000001 0.010421554151540337 0.01041187913526892 Cone
0.9400000000000001 0.9410000000000001 0.01041187913526892 0.010465000929915655 Cone
0.9410000000000001 0.9420000000000001 0.010465000929915655 0.010214943149480961 Cone
0.9420000000000001 0.9430000000000001 0.010214943149480961 0.010205805176521372 Cone
0.9430000000000001 0.9440000000000001 0.010205805176521372 0.010479051979681667 Cone
0.9440000000000001 0.9450000000000001 0.010479051979681667 0.010164952848286087 Cone
0.9450000000000001 0.9460000000000001 0.010164952848286087 0.010472564414147182 Cone
0.9460000000000001 0.9470000000000001 0.010472564414147182 0.010228876247216368 Cone
0.9470000000000001 0.9480000000000001 0.010228876247216368 0.01017341043313678 Cone
0.9480000000000001 0.9490000000000001 0.01017341043313678 0.010417200190051294 Cone
0.9490000000000001 0.9500000000000001 0.010417200190051294 0.010060663355196446 Cone
0.9500000000000001 0.9510000000000001 0.010060663355196446 0.010429678416275371 Cone
0.9510000000000001 0.9520000000000001 0.010429678416275371 0.010033791132697622 Cone
0.9520000000000001 0.9530000000000001 0.010033791132697622 0.010070188495223488 Cone
0.9530000000000001 0.9540000000000001 0.010070188495223488 0.010181980044090908 Cone
0.9540000000000001 0.9550000000000001 0.010181980044090908 0.010209887066152433 Cone
0.9550000000000001 0.9560000000000001 0.010209887066152433 0.010237950918425763 Cone
0.9560000000000001 0.9570000000000001 0.010237950918425763 0.010331044335053887 Cone
0.9570000000000001 0.9580000000000001 0.010331044335053887 0.010231470387017806 Cone
0.9580000000000001 0.9590000000000001 0.010231470387017806 0.010148821139448951 Cone
0.9590000000000001 0.96 0.010148821139448951 0.010233586100882737 Cone
0.96 0.961 0.010233586100882737 0.010174008846763938 Cone
0.961 0.962 0.010174008846763938 0.010043540279810671 Cone
0.962 0.963 0.010043540279810671 0.010406483440042906 Cone
0.963 0.964 0.010406483440042906 0.010050044006634304 Cone
0.964 0.965 0.010050044006634304 0.010313448336660447 Cone
0.965 0.966 0.010313448336660447 0.010180527603740762 Cone
0.966 0.967 0.010180527603740762 0.01025086864906039 Cone
0.967 0.968 0.01025086864906039 0.01002830211243709 Cone
0.968 0.969 0.01002830211243709 0.0102367855975661 Cone
0.969 0.97 0.0102367855975661 0.010001825777548138 Cone
0.97 0.971 0.010001825777548138 0.010499679240497273 Cone
0.971 0.972 0.010499679240497273 0.010239333832998167 Cone
0.972 0.973 0.010239333832998167 0.010295337484615355 Cone
0.973 0.974 0.010295337484615355 0.010173901248708352 Cone
0.974 0.975 0.010173901248708352 0.010197358538731995 Cone
0.975 0.976 0.010197358538731995 0.010117985733647075 Cone
0.976 0.977 0.010117985733647075 0.010004027223302195 Cone
0.977 0.978 0.010004027223302195 0.010370318950707395 Cone
0.978 0.979 0.010370318950707395 0.01043039020386003 Cone
0.979 0.98 0.01043039020386003 0.010223304193988073 Cone
0.98 0.981 0.010223304193988073 0.0100899683064929 Cone
0.981 0.982 0.0100899683064929 0.010226591098285434 Cone
0.982 0.983 0.010226591098285434 0.010366865510938626 Cone
0.983 0.984 0.010366865510938626 0.010250614801900119 Cone
0.984 0.985 0.010250614801900119 0.010356429688618198 Cone
0.985 0.986 0.010356429688618198 0.010114137976782405 Cone
0.986 0.987 0.010114137976782405 0.0104670584487747 Cone
0.987 0.988 0.0104670584487747 0.010057514375696963 Cone
0.988 0.989 0.010057514375696963 0.010441601598689173 Cone
0.989 0.99 0.010441601598689173 0.010301266594337416 Cone
0.99 0.991 0.010301266594337416 0.010363686022214507 Cone
0.991 0.992 0.010363686022214507 0.010099922427428402 Cone
0.992 0.993 0.010099922427428402 0.010064631561487753 Cone
0.993 0.994 0.010064631561487753 0.010036211080703149 Cone
0.994 0.995 0.010036211080703149 0.010153452730863884 Cone
0.995 0.996 0.010153452730863884 0.010423116691373125 Cone
0.996 0.997 0.010423116691373125 0.010176831517911641 Cone
0.997 0.998 0.010176831517911641 0.01026387040606502 Cone
0.998 0.999 0.01026387040606502 0.010144158388673219 Cone
0.999 1.0 0.010144158388673219 0.010273117696658167 Cone
1.0 1.0010000000000001 0.010273117696658167 0.010236432158641043 Cone
1.0010000000000001 1.002 0.010236432158641043 0.010170206991934952 Cone
1.002 1.0030000000000001 0.010170206991934952 0.010171628292318227 Cone
1.0030000000000001 1.004 0.010171628292318227 0.01033589515391766 Cone
1.004 1.0050000000000001 0.01033589515391766 0.010137795546014424 Cone
1.0050000000000001 1.006 0.010137795546014424 0.010514171139982204 Cone
1.006 1.0070000000000001 0.010514171139982204 0.01035023768424428 Cone
1.0070000000000001 1.008 0.01035023768424428 0.010522144955700601 Cone
1.008 1.0090000000000001 0.010522144955700601 0.010295007878387361 Cone
1.0090000000000001 1.01 0.010295007878387361 0.010612059114207798 Cone
1.01 1.0110000000000001 0.010612059114207798 0.010629788553852547 Cone
1.0110000000000001 1.012 0.010629788553852547 0.010202373130969052 Cone
1.012 1.0130000000000001 0.010202373130969052 0.010601393317131834 Cone
1.0130000000000001 1.014 0.010601393317131834 0.010518919728375438 Cone
1.014 1.0150000000000001 0.010518919728375438 0.010664511871120422 Cone
1.0150000000000001 1.016 0.010664511871120422 0.010341419751586369 Cone
1.016 1.0170000000000001 0.010341419751586369 0.01045365551792471 Cone
1.0170000000000001 1.018 0.01045365551792471 0.01057855922672783 Cone
1.018 1.0190000000000001 0.01057855922672783 0.010789694184600527 Cone
1.0190000000000001 1.02 0.010789694184600527 0.010773361278805101 Cone
1.02 1.0210000000000001 0.010773361278805101 0.010841269741648498 Cone
1.0210000000000001 1.022 0.010841269741648498 0.010443977325130416 Cone
1.022 1.0230000000000001 0.010443977325130416 0.010491614425091066 Cone
1.0230000000000001 1.024 0.010491614425091066 0.010584647792073165 Cone
1.024 1.025 0.010584647792073165 0.010471601465511496 Cone
1.025 1.026 0.010471601465511496 0.01074043017610903 Cone
1.026 1.027 0.01074043017610903 0.010474548267877007 Cone
1.027 1.028 0.010474548267877007 0.01056792360308987 Cone
1.028 1.029 0.01056792360308987 0.010808495928821259 Cone
1.029 1.03 0.010808495928821259 0.010782916992821101 Cone
1.03 1.031 0.010782916992821101 0.010651341573319272 Cone
1.031 1.032 0.010651341573319272 0.010671297797703783 Cone
1.032 1.033 0.010671297797703783 0.010992823229873919 Cone
1.033 1.034 0.010992823229873919 0.010631172573607581 Cone
1.034 1.035 0.010631172573607581 0.011073596463090842 Cone
1.035 1.036 0.011073596463090842 0.011026032669596396 Cone
1.036 1.037 0.011026032669596396 0.010707653579399097 Cone
1.037 1.038 0.010707653579399097 0.010751521352721791 Cone
1.038 1.039 0.010751521352721791 0.01067122505101983 Cone
1.039 1.04 0.01067122505101983 0.01099426317160687 Cone
1.04 1.041 0.01099426317160687 0.010795639192160748 Cone
1.041 1.042 0.010795639192160748 0.010922421357788528 Cone
1.042 1.043 0.010922421357788528 0.0108450877940418 Cone
1.043 1.044 0.0108450877940418 0.010890240296239008 Cone
1.044 1.045 0.010890240296239008 0.011232178243029696 Cone
1.045 1.046 0.011232178243029696 0.011017439325830774 Cone
1.046 1.047 0.011017439325830774 0.010901713130703688 Cone
1.047 1.048 0.010901713130703688 0.011025951088015252 Cone
1.048 1.049 0.011025951088015252 0.011226659868568844 Cone
1.049 1.05 0.011226659868568844 0.011077338630094496 Cone
1.05 1.051 0.011077338630094496 0.011227580127700058 Cone
1.051 1.052 0.011227580127700058 0.011249207450984424 Cone
1.052 1.053 0.011249207450984424 0.011140992386422112 Cone
1.053 1.054 0.011140992386422112 0.011291203381236969 Cone
1.054 1.055 0.011291203381236969 0.011121316809327934 Cone
1.055 1.056 0.011121316809327934 0.011146296571987407 Cone
1.056 1.057 0.011146296571987407 0.01145490786906137 Cone
1.057 1.058 0.01145490786906137 0.011105912344084642 Cone
1.058 1.059 0.011105912344084642 0.01107892537117803 Cone
1.059 1.06 0.01107892537117803 0.011195683151640032 Cone
1.06 1.061 0.011195683151640032 0.011518483409920961 Cone
1.061 1.062 0.011518483409920961 0.011224184433484222 Cone
1.062 1.063 0.011224184433484222 0.011204454777789204 Cone
1.063 1.064 0.011204454777789204 0.011144988566093118 Cone
1.064 1.065 0.011144988566093118 0.01137216918893005 Cone
1.065 1.066 0.01137216918893005 0.011656969483932841 Cone
1.066 1.067 0.011656969483932841 0.011369698924850338 Cone
1.067 1.068 0.011369698924850338 0.011346386874315382 Cone
1.068 1.069 0.011346386874315382 0.011393229492169725 Cone
1.069 1.07 0.011393229492169725 0.011677400770760333 Cone
1.07 1.071 0.011677400770760333 0.011419192330585975 Cone
1.071 1.072 0.011419192330585975 0.011618313890574437 Cone
1.072 1.073 0.011618313890574437 0.011575144475936648 Cone
1.073 1.074 0.011575144475936648 0.011589091872799544 Cone
1.074 1.075 0.011589091872799544 0.011576395157456421 Cone
1.075 1.076 0.011576395157456421 0.011570311077274742 Cone
1.076 1.077 0.011570311077274742 0.011699441567723436 Cone
1.077 1.078 0.011699441567723436 0.011586072979926334 Cone
1.078 1.079 0.011586072979926334 0.01179329191601578 Cone
1.079 1.08 0.01179329191601578 0.011890264819962703 Cone
1.08 1.081 0.011890264819962703 0.011538213497623543 Cone
1.081 1.082 0.011538213497623543 0.011943366072286146 Cone
1.082 1.083 0.011943366072286146 0.011872028779158198 Cone
1.083 1.084 0.011872028779158198 0.012025154061381618 Cone
1.084 1.085 0.012025154061381618 0.011942238434414304 Cone
1.085 1.086 0.011942238434414304 0.0117314036248703 Cone
1.086 1.087 0.0117314036248703 0.011632237931648273 Cone
1.087 1.088 0.011632237931648273 0.011800644331290598 Cone
1.088 1.089 0.011800644331290598 0.012025430813832373 Cone
1.089 1.09 0.012025430813832373 0.012121626704653065 Cone
1.09 1.091 0.012121626704653065 0.011851735938469311 Cone
1.091 1.092 0.011851735938469311 0.0119262769652614 Cone
1.092 1.093 0.0119262769652614 0.01182142191485829 Cone
1.093 1.094 0.01182142191485829 0.012071290156110028 Cone
1.094 1.095 0.012071290156110028 0.012096487767674217 Cone
1.095 1.096 0.012096487767674217 0.012178543932103611 Cone
1.096 1.097 0.012178543932103611 0.01220162995065133 Cone
1.097 1.098 0.01220162995065133 0.012278347225524344 Cone
1.098 1.099 0.012278347225524344 0.011905271683025055 Cone
1.099 1.1 0.011905271683025055 0.011965666526589428 Cone
1.1 1.101 0.011965666526589428 0.012042376474156201 Cone
1.101 1.102 0.012042376474156201 0.012189450158127932 Cone
1.102 1.103 0.012189450158127932 0.012206659798322016 Cone
1.103 1.104 0.012206659798322016 0.012241383856911299 Cone
1.104 1.105 0.012241383856911299 0.012379100440276881 Cone
1.105 1.106 0.012379100440276881 0.012138970097030943 Cone
1.106 1.107 0.012138970097030943 0.012302474341218549 Cone
1.107 1.108 0.012302474341218549 0.012418100808889899 Cone
1.108 1.109 0.012418100808889899 0.012193102410320171 Cone
1.109 1.11 0.012193102410320171 0.012216693704736225 Cone
1.11 1.111 0.012216693704736225 0.012272062604597131 Cone
1.111 1.112 0.012272062604597131 0.012282003596620733 Cone
1.112 1.113 0.012282003596620733 0.012601545458182506 Cone
1.113 1.114 0.012601545458182506 0.01236553909687131 Cone
1.114 1.115 0.01236553909687131 0.01258240078140414 Cone
1.115 1.116 0.01258240078140414 0.012655978189335632 Cone
1.116 1.117 0.012655978189335632 0.012712795826550525 Cone
1.117 1.118 0.012712795826550525 0.012549508593006803 Cone
1.118 1.119 0.012549508593006803 0.0124402513792891 Cone
1.119 1.12 0.0124402513792891 0.012417200986780735 Cone
1.12 1.121 0.012417200986780735 0.012758829349921754 Cone
1.121 1.122 0.012758829349921754 0.012462809885678133 Cone
1.122 1.123 0.012462809885678133 0.012569578610364635 Cone
1.123 1.124 0.012569578610364635 0.012479371928110352 Cone
1.124 1.125 0.012479371928110352 0.012760140505399878 Cone
1.125 1.1260000000000001 0.012760140505399878 0.012836669727567675 Cone
1.1260000000000001 1.127 0.012836669727567675 0.012673513820534858 Cone
1.127 1.1280000000000001 0.012673513820534858 0.012661787910393527 Cone
1.1280000000000001 1.129 0.012661787910393527 0.012844285726935885 Cone
1.129 1.1300000000000001 0.012844285726935885 0.013076474327371789 Cone
1.1300000000000001 1.131 0.013076474327371789 0.013117643162856693 Cone
1.131 1.1320000000000001 0.013117643162856693 0.013088077746008224 Cone
1.1320000000000001 1.133 0.013088077746008224 0.01291194849538167 Cone
1.133 1.1340000000000001 0.01291194849538167 0.01298189385276071 Cone
1.1340000000000001 1.135 0.01298189385276071 0.012957717846315973 Cone
1.135 1.1360000000000001 0.012957717846315973 0.013082024454127626 Cone
1.1360000000000001 1.137 0.013082024454127626 0.012996315374290161 Cone
1.137 1.1380000000000001 0.012996315374290161 0.013144340111084316 Cone
1.1380000000000001 1.139 0.013144340111084316 0.013010773853464932 Cone
1.139 1.1400000000000001 0.013010773853464932 0.0129019276580763 Cone
1.1400000000000001 1.141 0.0129019276580763 0.013135482626505537 Cone
1.141 1.1420000000000001 0.013135482626505537 0.013028671520316462 Cone
1.1420000000000001 1.143 0.013028671520316462 0.013024719560902105 Cone
1.143 1.1440000000000001 0.013024719560902105 0.013318236443198352 Cone
1.1440000000000001 1.145 0.013318236443198352 0.013313076654433391 Cone
1.145 1.1460000000000001 0.013313076654433391 0.013529994855094804 Cone
1.1460000000000001 1.147 0.013529994855094804 0.013385759585051058 Cone
1.147 1.1480000000000001 0.013385759585051058 0.01335496599458621 Cone
1.1480000000000001 1.149 0.01335496599458621 0.013473343558223425 Cone
1.149 1.1500000000000001 0.013473343558223425 0.013460603263788774 Cone
1.1500000000000001 1.151 0.013460603263788774 0.013508993415233247 Cone
1.151 1.1520000000000001 0.013508993415233247 0.013340496607706198 Cone
1.1520000000000001 1.153 0.013340496607706198 0.013597744205802544 Cone
1.153 1.154 0.013597744205802544 0.013671686523544781 Cone
1.154 1.155 0.013671686523544781 0.013627658895866786 Cone
1.155 1.156 0.013627658895866786 0.013481996625905534 Cone
1.156 1.157 0.013481996625905534 0.013703660196544343 Cone
1.157 1.158 0.013703660196544343 0.013613237040495262 Cone
1.158 1.159 0.013613237040495262 0.013623167056377006 Cone
1.159 1.16 0.013623167056377006 0.01361535101656099 Cone
1.16 1.161 0.01361535101656099 0.013653041166195272 Cone
1.161 1.162 0.013653041166195272 0.013732292452662663 Cone
1.162 1.163 0.013732292452662663 0.014007197692814569 Cone
1.163 1.164 0.014007197692814569 0.013768406809231398 Cone
1.164 1.165 0.013768406809231398 0.013792973884976566 Cone
1.165 1.166 0.013792973884976566 0.013798546734390028 Cone
1.166 1.167 0.013798546734390028 0.013926652851060933 Cone
1.167 1.168 0.013926652851060933 0.014163404697402463 Cone
1.168 1.169 0.014163404697402463 0.013774983625588657 Cone
1.169 1.17 0.013774983625588657 0.014126288972752546 Cone
1.17 1.171 0.014126288972752546 0.01390403097467278 Cone
1.171 1.172 0.01390403097467278 0.014121363977309507 Cone
1.172 1.173 0.014121363977309507 0.014025805384659116 Cone
1.173 1.174 0.014025805384659116 0.013965477251245572 Cone
1.174 1.175 0.013965477251245572 0.0141475601580697 Cone
1.175 1.176 0.0141475601580697 0.014232980305694191 Cone
1.176 1.177 0.014232980305694191 0.014142308210673677 Cone
1.177 1.178 0.014142308210673677 0.014072253560824966 Cone
1.178 1.179 0.014072253560824966 0.014209186202696157 Cone
1.179 1.18 0.014209186202696157 0.014533447224744617 Cone
1.18 1.181 0.014533447224744617 0.014170765804284115 Cone
1.181 1.182 0.014170765804284115 0.014566851068936394 Cone
1.182 1.183 0.014566851068936394 0.014146544834870604 Cone
1.183 1.184 0.014146544834870604 0.014397603018480847 Cone
1.184 1.185 0.014397603018480847 0.014471834871090439 Cone
1.185 1.186 0.014471834871090439 0.01428757442366323 Cone
1.186 1.187 0.01428757442366323 0.01466459559101365 Cone
1.187 1.188 0.01466459559101365 0.014641617692958077 Cone
1.188 1.189 0.014641617692958077 0.014488079993560832 Cone
1.189 1.19 0.014488079993560832 0.014646994589234555 Cone
1.19 1.191 0.014646994589234555 0.014437816522687639 Cone
1.191 1.192 0.014437816522687639 0.014880140297747629 Cone
1.192 1.193 0.014880140297747629 0.014504142086557625 Cone
1.193 1.194 0.014504142086557625 0.014570504682704915 Cone
1.194 1.195 0.014570504682704915 0.014942907370998815 Cone
1.195 1.196 0.014942907370998815 0.01461610962942597 Cone
1.196 1.197 0.01461610962942597 0.014786841762785023 Cone
1.197 1.198 0.014786841762785023 0.014885212343497463 Cone
1.198 1.199 0.014885212343497463 0.015161082160159614 Cone
1.199 1.2 0.015161082160159614 0.014835939104852702 Cone
1.2 1.201 0.014835939104852702 0.014927044318630955 Cone
1.201 1.202 0.014927044318630955 0.015053310971048095 Cone
1.202 1.203 0.015053310971048095 0.015065344619421828 Cone
1.203 1.204 0.015065344619421828 0.015068506892673856 Cone
1.204 1.205 0.015068506892673856 0.014979131032075307 Cone
1.205 1.206 0.014979131032075307 0.015234745912531796 Cone
1.206 1.207 0.015234745912531796 0.015063240584603033 Cone
1.207 1.208 0.015063240584603033 0.015087542149532738 Cone
1.208 1.209 0.015087542149532738 0.015377294818721804 Cone
1.209 1.21 0.015377294818721804 0.015269395462528024 Cone
1.21 1.211 0.015269395462528024 0.015504950741902819 Cone
1.211 1.212 0.015504950741902819 0.015364067400082369 Cone
1.212 1.213 0.015364067400082369 0.015637970180422914 Cone
1.213 1.214 0.015637970180422914 0.015329825448941148 Cone
1.214 1.215 0.015329825448941148 0.015540626551487653 Cone
1.215 1.216 0.015540626551487653 0.015312930498183745 Cone
1.216 1.217 0.015312930498183745 0.01548570095435743 Cone
1.217 1.218 0.01548570095435743 0.015603580736474876 Cone
1.218 1.219 0.015603580736474876 0.015675591651971008 Cone
1.219 1.22 0.015675591651971008 0.01564420376313337 Cone
1.22 1.221 0.01564420376313337 0.0155802403317467 Cone
1.221 1.222 0.0155802403317467 0.01576940084381794 Cone
1.222 1.223 0.01576940084381794 0.01601546043145474 Cone
1.223 1.224 0.01601546043145474 0.01608060898120603 Cone
1.224 1.225 0.01608060898120603 0.01606459280638696 Cone
1.225 1.226 0.01606459280638696 0.01570400182387219 Cone
1.226 1.227 0.01570400182387219 0.015777771887851944 Cone
1.227 1.228 0.015777771887851944 0.01615726580994838 Cone
1.228 1.229 0.01615726580994838 0.016216302073074323 Cone
1.229 1.23 0.016216302073074323 0.01622644168795334 Cone
1.23 1.231 0.01622644168795334 0.015892914270722987 Cone
1.231 1.232 0.015892914270722987 0.0161337612986289 Cone
1.232 1.233 0.0161337612986289 0.016126740462392847 Cone
1.233 1.234 0.016126740462392847 0.01628351571230681 Cone
1.234 1.235 0.01628351571230681 0.01642206763467694 Cone
1.235 1.236 0.01642206763467694 0.01646212583346015 Cone
1.236 1.237 0.01646212583346015 0.016440956413391338 Cone
1.237 1.238 0.016440956413391338 0.016464090340252556 Cone
1.238 1.239 0.016464090340252556 0.016557901173330083 Cone
1.239 1.24 0.016557901173330083 0.016425908546798713 Cone
1.24 1.241 0.016425908546798713 0.016545323128043986 Cone
1.241 1.242 0.016545323128043986 0.016724296778104948 Cone
1.242 1.243 0.016724296778104948 0.01647587827267184 Cone
1.243 1.244 0.01647587827267184 0.01675550620026994 Cone
1.244 1.245 0.01675550620026994 0.016619920478723998 Cone
1.245 1.246 0.016619920478723998 0.01683587276732622 Cone
1.246 1.247 0.01683587276732622 0.0167104897806628 Cone
1.247 1.248 0.0167104897806628 0.016625497900484808 Cone
1.248 1.249 0.016625497900484808 0.017044898707692175 Cone
1.249 1.25 0.017044898707692175 0.017102642075908104 Cone
1.25 1.2510000000000001 0.017102642075908104 0.016715375104592457 Cone
1.2510000000000001 1.252 0.016715375104592457 0.016934948556984616 Cone
1.252 1.2530000000000001 0.016934948556984616 0.017013484993577094 Cone
1.2530000000000001 1.254 0.017013484993577094 0.016968226135512385 Cone
1.254 1.2550000000000001 0.016968226135512385 0.01721422205127864 Cone
1.2550000000000001 1.256 0.01721422205127864 0.017014532679854404 Cone
1.256 1.2570000000000001 0.017014532679854404 0.017463088743209267 Cone
1.2570000000000001 1.258 0.017463088743209267 0.0172527246167632 Cone
1.258 1.2590000000000001 0.0172527246167632 0.017176450380516843 Cone
1.2590000000000001 1.26 0.017176450380516843 0.017541695667699985 Cone
1.26 1.2610000000000001 0.017541695667699985 0.017487069188842796 Cone
1.2610000000000001 1.262 0.017487069188842796 0.017381966985996696 Cone
1.262 1.2630000000000001 0.017381966985996696 0.017703718347463027 Cone
1.2630000000000001 1.264 0.017703718347463027 0.01746857218728339 Cone
1.264 1.2650000000000001 0.01746857218728339 0.01752982765638734 Cone
1.2650000000000001 1.266 0.01752982765638734 0.01775965939554505 Cone
1.266 1.2670000000000001 0.01775965939554505 0.017701092993676924 Cone
1.2670000000000001 1.268 0.017701092993676924 0.017549054034623295 Cone
1.268 1.2690000000000001 0.017549054034623295 0.017872046905870586 Cone
1.2690000000000001 1.27 0.017872046905870586 0.018057983349085743 Cone
1.27 1.2710000000000001 0.018057983349085743 0.01768509319826601 Cone
1.2710000000000001 1.272 0.01768509319826601 0.01781061382838471 Cone
1.272 1.2730000000000001 0.01781061382838471 0.01798869767591543 Cone
1.2730000000000001 1.274 0.01798869767591543 0.017881470593095184 Cone
1.274 1.2750000000000001 0.017881470593095184 0.01816177344066974 Cone
1.2750000000000001 1.276 0.01816177344066974 0.018090194775561626 Cone
1.276 1.2770000000000001 0.018090194775561626 0.018061295386861582 Cone
1.2770000000000001 1.278 0.018061295386861582 0.018336401868984817 Cone
1.278 1.2790000000000001 0.018336401868984817 0.018079015488933117 Cone
1.2790000000000001 1.28 0.018079015488933117 0.01814684522542719 Cone
1.28 1.281 0.01814684522542719 0.018448123988817563 Cone
1.281 1.282 0.018448123988817563 0.01848933706458303 Cone
1.282 1.283 0.01848933706458303 0.018498303805025044 Cone
1.283 1.284 0.018498303805025044 0.01861281407437869 Cone
1.284 1.285 0.01861281407437869 0.018462280688490394 Cone
1.285 1.286 0.018462280688490394 0.01866432788376868 Cone
1.286 1.287 0.01866432788376868 0.018678761950269802 Cone
1.287 1.288 0.018678761950269802 0.018665775750837523 Cone
1.288 1.289 0.018665775750837523 0.0187708926913844 Cone
1.289 1.29 0.0187708926913844 0.019009637079299882 Cone
1.29 1.291 0.019009637079299882 0.018923777352171833 Cone
1.291 1.292 0.018923777352171833 0.018783680325484785 Cone
1.292 1.293 0.018783680325484785 0.018949680963125468 Cone
1.293 1.294 0.018949680963125468 0.019204879584709927 Cone
1.294 1.295 0.019204879584709927 0.018956959497627313 Cone
1.295 1.296 0.018956959497627313 0.01913516249836187 Cone
1.296 1.297 0.01913516249836187 0.019085912306612902 Cone
1.297 1.298 0.019085912306612902 0.01920735001216141 Cone
1.298 1.299 0.01920735001216141 0.0191999773802644 Cone
1.299 1.3 0.0191999773802644 0.019459057251762224 Cone
1.3 1.301 0.019459057251762224 0.019541526444624122 Cone
1.301 1.302 0.019541526444624122 0.01966638173940148 Cone
1.302 1.303 0.01966638173940148 0.019459118363310227 Cone
1.303 1.304 0.019459118363310227 0.019825320170347986 Cone
1.304 1.305 0.019825320170347986 0.019606534967433965 Cone
1.305 1.306 0.019606534967433965 0.019994047011372845 Cone
1.306 1.307 0.019994047011372845 0.019936138409615677 Cone
1.307 1.308 0.019936138409615677 0.01982244213623352 Cone
1.308 1.309 0.01982244213623352 0.019792257035023884 Cone
1.309 1.31 0.019792257035023884 0.02033542918515029 Cone
1.31 1.311 0.02033542918515029 0.020397111209216487 Cone
1.311 1.312 0.020397111209216487 0.01997810760314417 Cone
1.312 1.313 0.01997810760314417 0.02036434825396814 Cone
1.313 1.314 0.02036434825396814 0.020441838920094067 Cone
1.314 1.315 0.020441838920094067 0.020573939854282547 Cone
1.315 1.316 0.020573939854282547 0.020290117575064617 Cone
1.316 1.317 0.020290117575064617 0.020479929102549862 Cone
1.317 1.318 0.020479929102549862 0.02074340848333652 Cone
1.318 1.319 0.02074340848333652 0.020524129377905844 Cone
1.319 1.32 0.020524129377905844 0.02054581565316605 Cone
1.32 1.321 0.02054581565316605 0.020767450158099613 Cone
1.321 1.322 0.020767450158099613 0.020675359464527587 Cone
1.322 1.323 0.020675359464527587 0.02086779654747015 Cone
1.323 1.324 0.02086779654747015 0.021189673534128695 Cone
1.324 1.325 0.021189673534128695 0.02116431613735227 Cone
1.325 1.326 0.02116431613735227 0.021138384897614833 Cone
1.326 1.327 0.021138384897614833 0.021280159924436742 Cone
1.327 1.328 0.021280159924436742 0.0214059397958097 Cone
1.328 1.329 0.0214059397958097 0.021268886105486294 Cone
1.329 1.33 0.021268886105486294 0.02132295338488414 Cone
1.33 1.331 0.02132295338488414 0.02135079961630618 Cone
1.331 1.332 0.02135079961630618 0.021611330318741934 Cone
1.332 1.333 0.021611330318741934 0.021457410425705575 Cone
1.333 1.334 0.021457410425705575 0.02157754762205573 Cone
1.334 1.335 0.02157754762205573 0.021936846660346954 Cone
1.335 1.336 0.021936846660346954 0.021821550879842097 Cone
1.336 1.337 0.021821550879842097 0.021926792061184298 Cone
1.337 1.338 0.021926792061184298 0.021941307277490454 Cone
1.338 1.339 0.021941307277490454 0.022213361728597655 Cone
1.339 1.34 0.022213361728597655 0.022415429458017104 Cone
1.34 1.341 0.022415429458017104 0.022115417280296167 Cone
1.341 1.342 0.022115417280296167 0.022448097862461425 Cone
1.342 1.343 0.022448097862461425 0.022429111590841204 Cone
1.343 1.344 0.022429111590841204 0.02232591578068289 Cone
1.344 1.345 0.02232591578068289 0.022776570672058034 Cone
1.345 1.346 0.022776570672058034 0.02246310402396933 Cone
1.346 1.347 0.02246310402396933 0.022585246016797744 Cone
1.347 1.348 0.022585246016797744 0.02260518094933107 Cone
1.348 1.349 0.02260518094933107 0.02311201590230334 Cone
1.349 1.35 0.02311201590230334 0.022968607588489058 Cone
1.35 1.351 0.022968607588489058 0.02289148716795719 Cone
1.351 1.352 0.02289148716795719 0.0232950622049981 Cone
1.352 1.353 0.0232950622049981 0.023390491062438047 Cone
1.353 1.354 0.023390491062438047 0.02355635501668388 Cone
1.354 1.355 0.02355635501668388 0.02325186631970598 Cone
1.355 1.356 0.02325186631970598 0.023642762201762892 Cone
1.356 1.357 0.023642762201762892 0.023717269768364514 Cone
1.357 1.358 0.023717269768364514 0.023730298146701127 Cone
1.358 1.359 0.023730298146701127 0.0239835493401829 Cone
1.359 1.36 0.0239835493401829 0.024059164277183406 Cone
1.36 1.361 0.024059164277183406 0.02405313645019863 Cone
1.361 1.362 0.02405313645019863 0.02408382074370984 Cone
1.362 1.363 0.02408382074370984 0.02403205011898904 Cone
1.363 1.364 0.02403205011898904 0.024412690377590824 Cone
1.364 1.365 0.024412690377590824 0.024077570051658913 Cone
1.365 1.366 0.024077570051658913 0.024616676581121086 Cone
1.366 1.367 0.024616676581121086 0.024676392357661392 Cone
1.367 1.368 0.024676392357661392 0.024769716048895624 Cone
1.368 1.369 0.024769716048895624 0.024907615033721575 Cone
1.369 1.37 0.024907615033721575 0.024851622670324362 Cone
1.37 1.371 0.024851622670324362 0.024688179658583494 Cone
1.371 1.372 0.024688179658583494 0.02501963953043162 Cone
1.372 1.373 0.02501963953043162 0.025082519126598667 Cone
1.373 1.374 0.025082519126598667 0.025043215134273437 Cone
1.374 1.375 0.025043215134273437 0.025225069827353515 Cone
1.375 1.3760000000000001 0.025225069827353515 0.025344919066267044 Cone
1.3760000000000001 1.377 0.025344919066267044 0.025366416085229528 Cone
1.377 1.3780000000000001 0.025366416085229528 0.02534154519729648 Cone
1.3780000000000001 1.379 0.02534154519729648 0.02542271812044888 Cone
1.379 1.3800000000000001 0.02542271812044888 0.025843038743394525 Cone
1.3800000000000001 1.381 0.025843038743394525 0.02578481606308024 Cone
1.381 1.3820000000000001 0.02578481606308024 0.02602461153597532 Cone
1.3820000000000001 1.383 0.02602461153597532 0.025927906378019436 Cone
1.383 1.3840000000000001 0.025927906378019436 0.026195296243476555 Cone
1.3840000000000001 1.385 0.026195296243476555 0.0263324694922938 Cone
1.385 1.3860000000000001 0.0263324694922938 0.026322319881930407 Cone
1.3860000000000001 1.387 0.026322319881930407 0.026735479891743193 Cone
1.387 1.3880000000000001 0.026735479891743193 0.026451479958021284 Cone
1.3880000000000001 1.389 0.026451479958021284 0.02676312052337704 Cone
1.389 1.3900000000000001 0.02676312052337704 0.0270075016783342 Cone
1.3900000000000001 1.391 0.0270075016783342 0.026892229525212193 Cone
1.391 1.3920000000000001 0.026892229525212193 0.02707022129464277 Cone
1.3920000000000001 1.393 0.02707022129464277 0.027114015358840955 Cone
1.393 1.3940000000000001 0.027114015358840955 0.027390955166774103 Cone
1.3940000000000001 1.395 0.027390955166774103 0.02763887812818681 Cone
1.395 1.3960000000000001 0.02763887812818681 0.027376371698467763 Cone
1.3960000000000001 1.397 0.027376371698467763 0.027779770811074838 Cone
1.397 1.3980000000000001 0.027779770811074838 0.02802495418531501 Cone
1.3980000000000001 1.399 0.02802495418531501 0.028095802578231622 Cone
1.399 1.4000000000000001 0.028095802578231622 0.02814692836537582 Cone
1.4000000000000001 1.401 0.02814692836537582 0.028324392991550578 Cone
1.401 1.4020000000000001 0.028324392991550578 0.028180168087280723 Cone
1.4020000000000001 1.403 0.028180168087280723 0.02836061756934994 Cone
1.403 1.4040000000000001 0.02836061756934994 0.02842295374075503 Cone
1.4040000000000001 1.405 0.02842295374075503 0.028572628836806863 Cone
1.405 1.4060000000000001 0.028572628836806863 0.02889255059115996 Cone
1.4060000000000001 1.407 0.02889255059115996 0.02877434180216316 Cone
1.407 1.408 0.02877434180216316 0.0291098390914132 Cone
1.408 1.409 0.0291098390914132 0.028947138041858653 Cone
1.409 1.41 0.028947138041858653 0.029210149234968525 Cone
1.41 1.411 0.029210149234968525 0.029610525357915692 Cone
1.411 1.412 0.029610525357915692 0.029544459843986546 Cone
1.412 1.413 0.029544459843986546 0.02966587169962589 Cone
1.413 1.414 0.02966587169962589 0.02973038311450727 Cone
1.414 1.415 0.02973038311450727 0.030187802016105006 Cone
1.415 1.416 0.030187802016105006 0.030119719336992045 Cone
1.416 1.417 0.030119719336992045 0.0301134421376723 Cone
1.417 1.418 0.0301134421376723 0.030243007534069947 Cone
1.418 1.419 0.030243007534069947 0.03043509678252385 Cone
1.419 1.42 0.03043509678252385 0.030896202767493823 Cone
1.42 1.421 0.030896202767493823 0.031123876045608 Cone
1.421 1.422 0.031123876045608 0.03094164599441601 Cone
1.422 1.423 0.03094164599441601 0.031374809727413196 Cone
1.423 1.424 0.031374809727413196 0.03154548377536998 Cone
1.424 1.425 0.03154548377536998 0.03168441770744087 Cone
1.425 1.426 0.03168441770744087 0.03151109348646953 Cone
1.426 1.427 0.03151109348646953 0.03167821730382235 Cone
1.427 1.428 0.03167821730382235 0.03174596701078748 Cone
1.428 1.429 0.03174596701078748 0.03191522025104003 Cone
1.429 1.43 0.03191522025104003 0.03250766712118815 Cone
1.43 1.431 0.03250766712118815 0.03268665369896985 Cone
1.431 1.432 0.03268665369896985 0.032684216894601284 Cone
1.432 1.433 0.032684216894601284 0.03283260897386151 Cone
1.433 1.434 0.03283260897386151 0.0329381371785698 Cone
1.434 1.435 0.0329381371785698 0.03329009386528054 Cone
1.435 1.436 0.03329009386528054 0.033138082281101246 Cone
1.436 1.437 0.033138082281101246 0.03327638451623781 Cone
1.437 1.438 0.03327638451623781 0.03348889400398726 Cone
1.438 1.439 0.03348889400398726 0.03385143380833071 Cone
1.439 1.44 0.03385143380833071 0.0339981965864338 Cone
1.44 1.441 0.0339981965864338 0.034264846509863695 Cone
1.441 1.442 0.034264846509863695 0.03453433968764226 Cone
1.442 1.443 0.03453433968764226 0.034430609923419994 Cone
1.443 1.444 0.034430609923419994 0.034832643230924186 Cone
1.444 1.445 0.034832643230924186 0.03505970402168087 Cone
1.445 1.446 0.03505970402168087 0.03499659697591481 Cone
1.446 1.447 0.03499659697591481 0.0352035954807823 Cone
1.447 1.448 0.0352035954807823 0.03576597881459714 Cone
1.448 1.449 0.03576597881459714 0.03575457137310995 Cone
1.449 1.45 0.03575457137310995 0.03603143890345201 Cone
1.45 1.451 0.03603143890345201 0.03624142024295605 Cone
1.451 1.452 0.03624142024295605 0.036226626390159875 Cone
1.452 1.453 0.036226626390159875 0.03649061437629066 Cone
1.453 1.454 0.03649061437629066 0.036584993350628044 Cone
1.454 1.455 0.036584993350628044 0.0368751755710905 Cone
1.455 1.456 0.0368751755710905 0.037455751931794956 Cone
1.456 1.457 0.037455751931794956 0.03762556417547222 Cone
1.457 1.458 0.03762556417547222 0.037892561217042126 Cone
1.458 1.459 0.037892561217042126 0.038150069476907245 Cone
1.459 1.46 0.038150069476907245 0.038001486494004186 Cone
1.46 1.461 0.038001486494004186 0.03851189222509265 Cone
1.461 1.462 0.03851189222509265 0.03843164067554951 Cone
1.462 1.463 0.03843164067554951 0.03898656267647073 Cone
1.463 1.464 0.03898656267647073 0.038968115259848994 Cone
1.464 1.465 0.038968115259848994 0.03914522412729067 Cone
1.465 1.466 0.03914522412729067 0.039399766336080125 Cone
1.466 1.467 0.039399766336080125 0.03982162593466688 Cone
1.467 1.468 0.03982162593466688 0.0402320924161631 Cone
1.468 1.469 0.0402320924161631 0.04031252345742956 Cone
1.469 1.47 0.04031252345742956 0.0406212792962744 Cone
1.47 1.471 0.0406212792962744 0.040643155422767765 Cone
1.471 1.472 0.040643155422767765 0.04121009404654641 Cone
1.472 1.473 0.04121009404654641 0.041321364269745184 Cone
1.473 1.474 0.041321364269745184 0.041849996242992855 Cone
1.474 1.475 0.041849996242992855 0.04177099957340393 Cone
1.475 1.476 0.04177099957340393 0.042029073160306255 Cone
1.476 1.477 0.042029073160306255 0.04234437317369886 Cone
1.477 1.478 0.04234437317369886 0.04286387309266556 Cone
1.478 1.479 0.04286387309266556 0.042957866119875565 Cone
1.479 1.48 0.042957866119875565 0.04342790119512135 Cone
1.48 1.481 0.04342790119512135 0.04351210420092125 Cone
1.481 1.482 0.04351210420092125 0.04415511435031148 Cone
1.482 1.483 0.04415511435031148 0.04436210077149635 Cone
1.483 1.484 0.04436210077149635 0.04465068820820868 Cone
1.484 1.485 0.04465068820820868 0.045017305837285956 Cone
1.485 1.486 0.045017305837285956 0.04529782107875275 Cone
1.486 1.487 0.04529782107875275 0.04558645005338056 Cone
1.487 1.488 0.04558645005338056 0.04576751161831004 Cone
1.488 1.489 0.04576751161831004 0.0462534403995149 Cone
1.489 1.49 0.0462534403995149 0.04632546817046649 Cone
1.49 1.491 0.04632546817046649 0.046664762170209415 Cone
1.491 1.492 0.046664762170209415 0.04744749568390643 Cone
1.492 1.493 0.04744749568390643 0.04775534990085837 Cone
1.493 1.494 0.04775534990085837 0.047840687853003196 Cone
1.494 1.495 0.047840687853003196 0.04811083943382282 Cone
1.495 1.496 0.04811083943382282 0.048907521475074704 Cone
1.496 1.497 0.048907521475074704 0.049055823108975084 Cone
1.497 1.498 0.049055823108975084 0.04945900833848785 Cone
1.498 1.499 0.04945900833848785 0.05007217580603543 Cone
1.499 1.5 0.05007217580603543 0.050202557158473195 Cone
