2000.00000000000000 2.20572590651029e+05 8.19237609962284e+06 
2025.00000000000000 2.99409810939715e+05 9.41784452457124e+06 
2050.00000000000000 4.34240780869014e+05 1.11609019659577e+07 
2075.00000000000000 6.94622433987809e+05 1.38480955878402e+07 
2100.00000000000000 1.30477198651076e+06 1.85488693118927e+07 
2125.00000000000000 3.35628216993252e+06 2.88895328077147e+07 
2150.00000000000000 2.14037420169176e+07 6.80780562561826e+07 
2175.00000000000000 4.48839213965930e+07 -8.93739199799510e+07 
2200.00000000000000 4.33781212812914e+06 -2.96427311443829e+07 
2225.00000000000000 1.48557349118739e+06 -1.67472363825673e+07 
2250.00000000000000 7.42343416935425e+05 -1.13141769675750e+07 
2275.00000000000000 4.45552911639088e+05 -8.32068036633987e+06 
2300.00000000000000 2.98313320658276e+05 -6.42017233567255e+06 
2325.00000000000000 2.14923933991621e+05 -5.10219148372207e+06 
2350.00000000000000 1.63279008078420e+05 -4.13105013704693e+06 
2375.00000000000000 1.29166459462439e+05 -3.38296705525267e+06 
2400.00000000000000 1.05514419845253e+05 -2.78672006324663e+06 
2425.00000000000000 8.84844623371617e+04 -2.29843282573865e+06 
2450.00000000000000 7.58482327320453e+04 -1.88960101415660e+06 
2475.00000000000000 6.62407424719192e+04 -1.54090180557563e+06 
2500.00000000000000 5.87883759674431e+04 -1.23877126359503e+06 
2525.00000000000000 5.29112023189096e+04 -9.73406132892282e+05 
2550.00000000000000 4.82121754091965e+04 -7.37543396195047e+05 
2575.00000000000000 4.44121764297326e+04 -5.25685972667679e+05 
2600.00000000000000 4.13104457909674e+04 -3.33595209957737e+05 
2625.00000000000000 3.87596717818227e+04 -1.57948766749962e+05 
2650.00000000000000 3.66498526392780e+04 3.89577512860777e+03 
2675.00000000000000 3.48975630034279e+04 1.54067817984925e+05 
2700.00000000000000 3.34386583028682e+04 2.94303899385053e+05 
2725.00000000000000 3.22232156114793e+04 4.26035698287857e+05 
2750.00000000000000 3.12119593100959e+04 5.50455500958219e+05 
2775.00000000000000 3.03736944818792e+04 6.68565604462293e+05 
2800.00000000000000 2.96834372544354e+04 7.81216081880881e+05 
2825.00000000000000 2.91210332173719e+04 8.89133991370232e+05 
2850.00000000000000 2.86701273626259e+04 9.92946232143980e+05 
2875.00000000000000 2.83173821667950e+04 1.09319759857978e+06 
2900.00000000000000 2.80518834079492e+04 1.19036519595775e+06 
2925.00000000000000 2.78646816677206e+04 1.28487004512803e+06 
2950.00000000000000 2.77484368262546e+04 1.37708651973446e+06 
2975.00000000000000 2.76971402558972e+04 1.46735007876397e+06 
3000.00000000000000 2.77058953650131e+04 1.55596366374564e+06 
3025.00000000000000 2.77707470529858e+04 1.64320303464705e+06 
3050.00000000000000 2.78885459877520e+04 1.72932126209100e+06 
3075.00000000000000 2.80568386399405e+04 1.81455254609286e+06 
3100.00000000000000 2.82737862724330e+04 1.89911549074682e+06 
3125.00000000000000 2.85380962820483e+04 1.98321595122932e+06 
3150.00000000000000 2.88489736595902e+04 2.06704953016701e+06 
3175.00000000000000 2.92060817754662e+04 2.15080379957394e+06 
3200.00000000000000 2.96095165227608e+04 2.23466030848124e+06 
3225.00000000000000 3.00597894271888e+04 2.31879642100492e+06 
3250.00000000000000 3.05578179508857e+04 2.40338703371042e+06 
3275.00000000000000 3.11049267707634e+04 2.48860620444457e+06 
3300.00000000000000 3.17028536606393e+04 2.57462872814705e+06 
3325.00000000000000 3.23537668382566e+04 2.66163169344646e+06 
3350.00000000000000 3.30602853330976e+04 2.74979604702842e+06 
3375.00000000000000 3.38255118044595e+04 2.83930819501852e+06 
3400.00000000000000 3.46530733129669e+04 2.93036167644869e+06 
3425.00000000000000 3.55471703823440e+04 3.02315893262863e+06 
3450.00000000000000 3.65126398386179e+04 3.11791321645200e+06 
3475.00000000000000 3.75550299736637e+04 3.21485067112684e+06 
3500.00000000000000 3.86806898603479e+04 3.31421262873301e+06 
3525.00000000000000 3.98968792610220e+04 3.41625817470978e+06 
3550.00000000000000 4.12118970093095e+04 3.52126703787145e+06 
3575.00000000000000 4.26352376731610e+04 3.62954288069755e+06 
3600.00000000000000 4.41777797825458e+04 3.74141706362307e+06 
3625.00000000000000 4.58520110233442e+04 3.85725299646094e+06 
3650.00000000000000 4.76723011193087e+04 3.97745119366988e+06 
3675.00000000000000 4.96552358276730e+04 4.10245519042320e+06 
3700.00000000000000 5.18200172123543e+04 4.23275850244117e+06 
3725.00000000000000 5.41889651910027e+04 4.36891287993033e+06 
3750.00000000000000 5.67881250497837e+04 4.51153813838060e+06 
3775.00000000000000 5.96480294612939e+04 4.66133395424134e+06 
3800.00000000000000 6.28046448201720e+04 4.81909411068414e+06 
3825.00000000000000 6.63005660823309e+04 4.98572380833443e+06 
3850.00000000000000 7.01865251732917e+04 5.16226086276940e+06 
3875.00000000000000 7.45233273644283e+04 5.34990184762526e+06 
3900.00000000000000 7.93843422763665e+04 5.55003459031480e+06 
3925.00000000000000 8.48587483674054e+04 5.76427891896869e+06 
3950.00000000000000 9.10558088495038e+04 5.99453820383833e+06 
3975.00000000000000 9.81105470318797e+04 6.24306521227887e+06 
4000.00000000000000 1.06191410839821e+05 6.51254711845831e+06 
4025.00000000000000 1.15510726081602e+05 6.80621653594465e+06 
4050.00000000000000 1.26339180295941e+05 7.12799835829708e+06 
4075.00000000000000 1.39026227126605e+05 7.48270663234296e+06 
4100.00000000000000 1.54029311641540e+05 7.87631258640981e+06 
4125.00000000000000 1.71956634376415e+05 8.31631570234510e+06 
4150.00000000000000 1.93631036141772e+05 8.81226720435353e+06 
4175.00000000000000 2.20187913777120e+05 9.37652436088270e+06 
4200.00000000000000 2.53229554058595e+05 1.00253635753854e+07 
4225.00000000000000 2.95076336794421e+05 1.07806684751811e+07 
4250.00000000000000 3.49191184605954e+05 1.16725716675799e+07 
4275.00000000000000 4.20928491550818e+05 1.27437432428074e+07 
4300.00000000000000 5.18925620209327e+05 1.40566602977268e+07 
4325.00000000000000 6.57853640754728e+05 1.57065861481909e+07 
4350.00000000000000 8.64286818423878e+05 1.78462624641936e+07 
4375.00000000000000 1.19049547323050e+06 2.07367724408517e+07 
4400.00000000000000 1.75121878076361e+06 2.48636460743204e+07 
4425.00000000000000 2.84027016868386e+06 3.12411461882881e+07 
4450.00000000000000 5.40833483941212e+06 4.23824402164070e+07 
4475.00000000000000 1.40694351120718e+07 6.64568516524344e+07 
4500.00000000000000 8.35142516214748e+07 1.39883126877312e+08 
